CLASSIFICATION
3
270
25
5
sigmoid
softmax
1.73277e-06
-0.000793247
-8.16233e-05
4.02784e-06
2.17054e-05
-1.64258e-05
1.71753e-06
0.000184734
1.71684e-06
1.72203e-06
-0.000285276
4.06214e-06
1.72706e-06
1.72034e-06
3.99103e-06
-1.17759e-07
2.16662e-05
-2.16509e-06
-1.23501e-05
-0.000627949
-3.34486e-05
-1.37623e-05
4.04686e-06
-4.17704e-05
8.33948e-05
1.89362e-05
-0.000549563
0.000928853
-4.8407e-05
2.0228e-05
0.000254392
1.89012e-05
-0.000754181
1.88996e-05
1.89115e-05
0.000134478
-4.83282e-05
1.8923e-05
1.89076e-05
-4.84914e-05
2.5666e-05
2.01233e-05
-1.73307e-05
5.28455e-05
0.000362562
3.79013e-06
5.55754e-05
-4.83633e-05
-0.000172605
-1.96753e-05
-0.00120786
-0.104555
-0.10276
-0.00299246
-0.00242949
-0.00100431
-0.00121298
0.0614325
-0.00121321
-0.00121147
-0.0324437
-0.00298676
-0.00120978
-0.00121203
-0.00299857
-0.00556916
-0.00243463
-0.00186503
0.00330349
-0.124295
-0.0139664
0.00326617
-0.0029893
0.0234699
0.00384784
2.72529e-06
0.000148896
0.000591768
-1.50993e-05
2.15501e-06
7.26705e-05
2.71434e-06
-0.000477858
2.71384e-06
2.71757e-06
0.000114762
-1.50952e-05
2.72119e-06
2.71636e-06
-1.51036e-05
1.87676e-05
2.12999e-06
-3.73086e-06
1.65035e-05
0.000567298
1.8477e-05
1.74875e-05
-1.5097e-05
-5.14213e-05
-1.99476e-05
1.34193e-05
-0.00298991
0.0044719
-3.52689e-05
3.518e-06
0.00121115
1.33723e-05
-0.00217846
1.33702e-05
1.33862e-05
-0.000381873
-3.51958e-05
1.34017e-05
1.3381e-05
-3.53474e-05
0.000142094
3.50513e-06
-7.61905e-05
0.000104531
-0.000249958
-0.000327164
0.000117146
-3.52284e-05
-0.00125465
2.96872e-05
0.0017593
-0.0164601
0.00537673
-0.00099876
0.00101147
0.00524162
0.00175719
-0.00831211
0.0017571
0.00175782
-0.00201178
-0.000997373
0.00175851
0.00175758
-0.00100025
0.000128386
0.00100737
-0.000369222
0.00113894
0.000657852
-0.00141394
0.00117708
-0.000997991
-0.00373219
-0.000706915
-7.45579e-06
-0.00208802
-0.000505623
3.02632e-05
1.93893e-05
0.000352559
-7.44448e-06
0.00036925
-7.44397e-06
-7.44781e-06
-0.000321817
3.02771e-05
-7.45154e-06
-7.44656e-06
3.02482e-05
-1.66527e-05
1.93912e-05
-2.17702e-05
5.22254e-06
-0.000620548
-0.000146631
9.63281e-06
3.02709e-05
-0.000504019
7.09419e-05
0.000494695
-0.0120783
0.00711229
-0.000247189
0.000294215
0.00354866
0.000493839
-0.00316483
0.0004938
0.000494092
-0.0040274
-0.000246695
0.000494374
0.000493997
-0.000247718
0.000175785
0.00029268
-0.000264524
0.000394317
-0.00620885
-0.00157533
0.000417316
-0.000246915
-0.00243988
0.000312539
-5.03865e-07
-0.00245091
-6.40012e-05
-1.24176e-05
-3.4041e-06
0.000515252
-5.03433e-07
-1.04748e-05
-5.03415e-07
-5.03555e-07
-0.000286963
-1.23668e-05
-5.03697e-07
-5.03509e-07
-1.24722e-05
4.56109e-06
-3.41489e-06
-3.01576e-05
5.33373e-05
-0.000371464
-0.000170113
5.85912e-05
-1.23894e-05
-0.000662412
5.82495e-05
2.52682e-06
-0.000778692
0.000125093
-8.04311e-06
2.90164e-06
0.000245057
2.52126e-06
-0.000153297
2.521e-06
2.5229e-06
-4.54289e-05
-8.02144e-06
2.52474e-06
2.52228e-06
-8.06642e-06
8.60423e-06
2.87909e-06
-1.31158e-05
2.625e-05
0.000165002
-5.47315e-05
2.86836e-05
-8.03109e-06
-0.000320109
-1.18014e-06
6.22804e-06
-0.00165331
0.000574083
-1.32803e-05
5.58853e-06
0.000443619
6.21663e-06
-0.00025335
6.21612e-06
6.22e-06
-0.000201397
-1.32365e-05
6.22376e-06
6.21874e-06
-1.33274e-05
2.09928e-05
5.56173e-06
-2.53018e-05
4.19877e-05
-0.000239443
-0.000122094
4.63998e-05
-1.3256e-05
-0.000508517
3.79334e-05
0.00073137
-0.018856
0.0565631
5.8367e-05
0.00110943
0.00774147
0.000729292
-0.0297579
0.000729198
0.000729905
-0.0025507
5.92141e-05
0.000730591
0.000729676
5.74624e-05
0.00133957
0.00110673
-0.000968129
0.000391886
-0.015057
-0.00396434
0.000507791
5.88361e-05
-0.00267921
0.000410531
0.000624055
-0.060104
0.0275458
-0.000272003
0.0020063
0.0179264
0.000616813
-0.0235913
0.000616485
0.00061895
-0.0198924
-0.000265203
0.00062134
0.00061815
-0.000279287
-4.45069e-05
0.00199196
-0.00234535
0.000982036
-0.0507052
-0.0104575
0.00113551
-0.000268234
-0.0129649
0.000813218
0.00118456
-0.0467421
0.0599373
-0.000225939
0.00172397
0.00950671
0.00118123
-0.0314867
0.00118108
0.00118222
-0.0118816
-0.000223515
0.00118332
0.00118185
-0.000228531
0.000849646
0.00171974
-0.00174734
0.000836661
-0.0560628
-0.00889457
0.000987984
-0.000224596
0.00240775
0.00134685
0.000271161
-0.00519767
-0.00474749
-0.000177039
0.000339927
-0.000305967
0.000270715
0.00287139
0.000270695
0.000270846
-0.00137907
-0.000176452
0.000270994
0.000270797
-0.000177669
-0.000243271
0.00033879
-3.98032e-05
6.12086e-05
-0.00369143
-6.15078e-05
4.55475e-05
-0.000176714
0.000319238
0.000213396
0.00997046
0.0391572
-0.18499
-0.00422613
0.0145785
-0.0382616
0.00994519
0.0576661
0.00994405
0.00995265
-0.0187809
-0.00420395
0.00996099
0.00994986
-0.00424986
-0.00877399
0.0145194
-0.000462806
-0.00183248
-0.0577003
0.0101373
-0.00260804
-0.00421384
0.0341955
-0.00599163
-0.00375064
-0.434226
0.247024
-0.00539661
-0.00363505
0.160688
-0.00377772
-0.14273
-0.00377895
-0.00376973
-0.105807
-0.00536979
-0.00376079
-0.00377272
-0.00542536
0.00555533
-0.00368878
-0.0135206
0.0143312
-0.226832
-0.0642541
0.0157971
-0.00538175
-0.179006
0.013472
3.72624e-05
-0.0065503
-0.00554853
8.94785e-05
0.000206136
0.000424313
3.72645e-05
0.00419608
3.72646e-05
3.72639e-05
-0.00166392
8.96717e-05
3.72632e-05
3.72641e-05
8.92713e-05
-0.000240082
0.000205839
-6.0143e-05
-6.30524e-05
-0.00492933
-0.000442715
-6.19515e-05
8.95856e-05
-0.00109587
0.000344401
0.000180365
-0.00779783
0.00318716
-0.000118506
0.000196453
0.0020252
0.000179952
-0.00200503
0.000179933
0.000180074
-0.000559999
-0.000118287
0.00018021
0.000180028
-0.000118739
6.75515e-05
0.000195868
-0.0001421
0.000210866
-0.00174715
-0.000569155
0.000234545
-0.000118385
-0.00220799
0.000180598
1.29485e-05
-0.00209657
-0.000221671
8.57949e-06
4.91152e-05
0.000452005
1.29164e-05
0.000285848
1.29149e-05
1.29259e-05
-0.000157532
8.6412e-06
1.29365e-05
1.29223e-05
8.51328e-06
-1.35886e-05
4.90323e-05
-2.83019e-05
2.55534e-05
-0.000275284
-0.000112139
3.06664e-05
8.6137e-06
-0.000728299
5.50688e-05
1.80757e-05
-0.00307743
-0.000130369
-2.94901e-05
1.90426e-05
0.00053914
1.8052e-05
0.000135484
1.80509e-05
1.8059e-05
-0.000521861
-2.93936e-05
1.80668e-05
1.80564e-05
-2.95936e-05
2.69217e-06
1.89404e-05
-3.77498e-05
6.06156e-05
-0.00100022
-0.000213523
6.44922e-05
-2.94366e-05
-0.000732383
0.000112535
6.14838e-06
-0.00300184
0.00114421
5.78856e-05
8.23885e-05
0.00070183
6.14595e-06
-0.000511577
6.14583e-06
6.14668e-06
-0.000415311
5.79453e-05
6.14748e-06
6.14641e-06
5.78214e-05
4.20735e-05
8.23255e-05
-4.95704e-05
-3.99369e-06
-0.00082713
-0.000239876
4.35296e-06
5.79187e-05
-0.000974071
0.00011096
5.51805e-06
-0.00163301
0.000119387
1.461e-05
3.98181e-05
0.000393756
5.51854e-06
-0.000154284
5.51856e-06
5.51841e-06
-0.000145537
1.46573e-05
5.51825e-06
5.51846e-06
1.45592e-05
1.11116e-05
3.97567e-05
-2.81246e-05
1.76978e-05
-4.01177e-05
-0.000118854
2.15937e-05
1.46362e-05
-0.000667342
3.09047e-05
4.52512e-06
-0.00286992
0.00013317
-5.40059e-06
2.421e-05
0.000481122
4.52304e-06
-7.3508e-06
4.52294e-06
4.52367e-06
-0.00032653
-5.32874e-06
4.52436e-06
4.52343e-06
-5.47772e-06
9.61529e-06
2.41363e-05
-3.81771e-05
4.28724e-05
-0.000761286
-0.000193093
4.74794e-05
-5.36075e-06
-0.000793552
0.000120594
1.51453e-07
-0.00261375
-0.000203779
-1.37902e-05
3.75864e-08
0.000484458
1.57756e-07
0.000202882
1.58038e-07
1.55912e-07
-0.000433769
-1.37357e-05
1.53833e-07
1.56603e-07
-1.38487e-05
-2.04357e-06
4.99829e-09
-3.05284e-05
5.07593e-05
-0.000659021
-0.000177739
5.50065e-05
-1.376e-05
-0.000690835
9.56565e-05
-5.15105e-06
-0.00366104
0.000846246
1.10039e-05
3.70347e-05
0.000586592
-5.15901e-06
2.41128e-05
-5.15938e-06
-5.15665e-06
-0.000772276
1.10982e-05
-5.15402e-06
-5.15753e-06
1.09026e-05
1.86392e-05
3.69574e-05
-4.47789e-05
2.16096e-05
-0.0015761
-0.000258643
2.65213e-05
1.10562e-05
-0.000720277
0.000197147
3.61198e-06
-0.00291126
0.00217728
0.000125866
0.000142574
0.000752681
3.61803e-06
-0.00103446
3.6183e-06
3.61627e-06
-0.000393333
0.000125905
3.61427e-06
3.61693e-06
0.000125824
7.11866e-05
0.000142516
-5.51344e-05
-6.6757e-05
-0.000833869
-0.00024711
-5.61654e-05
0.000125888
-0.00103447
0.000104496
0.000264528
-0.00422772
0.00437025
0.000174236
0.000478637
0.00107422
0.000264277
-0.00216286
0.000264266
0.000264351
-0.00087417
0.000174361
0.000264434
0.000264323
0.000174101
0.00014732
0.000478012
-9.90484e-05
-0.000114561
-0.00230477
-0.00043959
-0.000102616
0.000174306
-0.00170588
0.000173312
0.00402235
-0.0393673
-8.84311e-06
-0.00326708
0.00253626
0.0102006
0.00401304
-0.00880255
0.00401262
0.00401578
-0.0144311
-0.00325969
0.00401886
0.00401476
-0.00327498
-0.000737137
0.00251659
-0.0012379
0.0028019
-0.025546
-0.00406619
0.00278969
-0.00326298
-0.00403775
-0.000373329
0.0719152
-0.0320853
-0.134722
-0.0402093
0.0633165
0.0745591
0.0717293
-0.158865
0.0717208
0.0717841
-0.168421
-0.0400876
0.0718455
0.0717636
-0.0403396
-0.0197729
0.0629194
-0.018986
0.0264697
-0.215677
-0.0366314
0.025159
-0.0401419
-0.0384921
-0.0363722
0.0108966
0.0206394
0.117635
-0.00682504
0.00794969
0.0199052
0.0108827
-0.028359
0.010882
0.0108868
-0.00365851
-0.00681902
0.0108914
0.0108853
-0.00683147
0.000365512
0.00791762
-0.00222794
0.00543881
-0.00851322
-0.00207463
0.00548011
-0.00682171
-0.0119388
-0.00551048
-0.00104124
-0.0108449
0.0168372
0.000251933
-0.000398528
0.0100892
-0.00104222
-0.0065952
-0.00104227
-0.00104193
-0.00415526
0.000252828
-0.00104161
-0.00104204
0.000250974
0.000298059
-0.000400259
-0.000910773
0.000552396
-0.00647561
-0.00406143
0.000659288
0.000252429
-0.0134627
0.000267155
-0.00684754
-0.161453
0.134475
0.00564278
0.00165903
0.0829471
-0.00685545
-0.0851825
-0.00685581
-0.00685312
-0.0185875
0.00565007
-0.00685051
-0.00685399
0.00563495
0.00405953
0.00164445
-0.0067831
0.00113733
-0.0276478
-0.0274401
0.00213793
0.00564682
-0.127189
0.00355268
-6.04983e-05
-0.00161702
0.00423282
8.92835e-05
6.37914e-05
0.00139464
-6.05132e-05
-0.00288657
-6.05138e-05
-6.05088e-05
0.000127706
8.93933e-05
-6.05039e-05
-6.05104e-05
8.91656e-05
0.00014723
6.37557e-05
-9.97059e-05
2.24691e-05
0.00160912
-0.000342721
3.95389e-05
8.93444e-05
-0.001913
-0.000132187
-0.00021323
-0.00712966
-0.00564565
2.11811e-05
-0.000156987
0.000526225
-0.000213109
0.0013723
-0.000213103
-0.000213145
-0.0014497
2.14455e-05
-0.000213184
-0.000213131
2.08973e-05
-0.00013296
-0.000156823
-5.93136e-05
3.83152e-05
-0.00215976
-0.000504949
3.8702e-05
2.13277e-05
-0.000130582
0.000119819
-3.53593e-05
-0.00230739
0.0034975
-5.77391e-05
-5.84463e-05
0.00119276
-3.53799e-05
-0.0014884
-3.53809e-05
-3.53738e-05
-0.000120091
-5.76398e-05
-3.5367e-05
-3.53761e-05
-5.78455e-05
9.25485e-05
-5.85131e-05
-8.48948e-05
0.000138527
-5.84609e-05
-0.000311056
0.000151657
-5.76841e-05
-0.001576
4.76119e-05
4.08459e-05
-0.00346897
7.43529e-05
3.10504e-08
0.000117809
0.000812633
4.07723e-05
0.00013683
4.0769e-05
4.0794e-05
-0.000384763
1.90595e-07
4.08183e-05
4.07859e-05
-1.3985e-07
-1.16849e-05
0.000117596
-6.57608e-05
4.87444e-05
-0.00111837
-0.000278316
5.69167e-05
1.19468e-07
-0.00113503
0.000106503
-1.15123e-05
-0.000671342
0.00210558
-5.24307e-05
-4.17785e-05
0.00012518
-1.14638e-05
-0.00107504
-1.14616e-05
-1.14781e-05
-0.000227819
-5.23654e-05
-1.14941e-05
-1.14727e-05
-5.25006e-05
6.50932e-05
-4.16994e-05
-1.67967e-05
3.81563e-05
-0.000510095
-8.04894e-05
3.69991e-05
-5.23945e-05
-1.93152e-05
5.30218e-05
-3.83971e-05
-0.00217303
0.00104156
8.4063e-05
0.000104598
0.000296466
-3.84295e-05
-0.000600833
-3.8431e-05
-3.84199e-05
-0.000166363
8.41744e-05
-3.84092e-05
-3.84235e-05
8.39437e-05
2.7587e-05
0.000104536
-3.60027e-05
-6.37988e-05
-0.000264021
-0.000102317
-6.01287e-05
8.41247e-05
-0.000639343
0.000101874
0.000257606
-0.0004227
-0.0065938
3.36635e-05
0.000333359
-0.0012711
0.000257254
0.00348885
0.000257238
0.000257358
-0.00105396
3.38884e-05
0.000257474
0.000257319
3.34232e-05
-0.00030394
0.000332494
-3.91742e-06
-0.00015092
-0.00418136
-0.000151189
-0.000168974
3.37881e-05
0.00195879
-1.52953e-05
5.43599e-06
-0.00555944
-0.000119515
-5.90607e-05
-1.16088e-06
0.000920576
5.42187e-06
0.000381012
5.42122e-06
5.42606e-06
-0.00100275
-5.89033e-05
5.43072e-06
5.42449e-06
-5.92297e-05
-1.04161e-06
-1.24962e-06
-6.7356e-05
0.000114047
-0.00204602
-0.000412186
0.00012012
-5.89735e-05
-0.00122119
0.000204065
-1.70401e-05
0.000357724
-0.00205373
-0.000163778
4.65703e-05
-0.000620819
-1.71418e-05
-0.00036776
-1.71464e-05
-1.71117e-05
-0.000458692
-0.000163354
-1.70782e-05
-1.7123e-05
-0.000164232
-7.72312e-05
4.63609e-05
-2.39365e-05
7.66279e-05
0.000415244
5.25644e-05
5.78187e-05
-0.000163543
0.0002031
-7.11172e-05
-0.000259594
-0.00548744
0.00114231
-9.77103e-05
-0.000379357
0.000789842
-0.000259559
-0.00045218
-0.000259558
-0.000259569
-0.00225172
-9.74225e-05
-0.000259581
-0.000259566
-9.80191e-05
3.09097e-06
-0.000379158
-8.0896e-05
0.000127417
-0.00396984
-0.000706669
0.000129313
-9.75507e-05
4.35314e-05
0.000344869
0.00016345
-0.0144826
-0.0142051
-0.000939107
-0.00058807
0.00119181
0.000161011
0.00415346
0.000160901
0.00016173
-0.00799682
-0.000937226
0.000162535
0.000161461
-0.000941121
-0.000718337
-0.00059295
-0.00037384
0.000805505
-0.018363
-0.00224095
0.000773122
-0.000938065
0.00104402
0.000256596
0.000230744
-0.0035161
-0.00281047
-9.79053e-05
0.000233384
0.000375857
0.000230326
0.00170363
0.000230307
0.000230449
-0.00143704
-9.75455e-05
0.000230587
0.000230403
-9.82909e-05
-0.000124237
0.000232429
-6.43028e-05
8.40765e-05
-0.00298657
-0.000391273
7.99748e-05
-9.77059e-05
-0.000646531
0.000170601
0.000303647
-0.022155
0.00200173
-0.000301905
0.000265372
0.00624775
0.000301782
-0.00258128
0.000301698
0.000302332
-0.00624422
-0.000300531
0.000302948
0.000302127
-0.000303379
-4.55514e-05
0.000261764
-0.0006054
0.000628174
-0.0142068
-0.00319974
0.000679816
-0.000301144
-0.00647672
0.000688785
-4.93401e-06
-0.00272852
0.00114385
-1.17153e-05
2.16917e-05
0.000578069
-4.96123e-06
-0.000601318
-4.96247e-06
-4.95319e-06
-0.000396025
-1.16335e-05
-4.9442e-06
-4.9562e-06
-1.18033e-05
4.68032e-05
2.16293e-05
-4.72482e-05
5.26015e-05
-0.00066471
-0.000227855
5.74448e-05
-1.16699e-05
-0.000888649
0.000109738
-7.44507e-06
-0.00697885
0.00192663
-4.88161e-05
-1.02594e-05
0.00113381
-7.4478e-06
-0.000350545
-7.44793e-06
-7.44694e-06
-0.00122068
-4.86683e-05
-7.44604e-06
-7.44726e-06
-4.8975e-05
5.8893e-05
-1.03e-05
-8.90245e-05
0.000123122
-0.00287825
-0.000491406
0.000132483
-4.87341e-05
-0.00176191
0.00035964
6.9829e-06
-0.00197759
0.00129962
3.36101e-05
7.5533e-05
0.000643985
6.98676e-06
-0.000943998
6.98693e-06
6.98563e-06
-0.000147914
3.36932e-05
6.98436e-06
6.98606e-06
3.35209e-05
5.27292e-05
7.54897e-05
-4.04289e-05
1.14627e-05
0.000535163
-0.000131384
1.82439e-05
3.36562e-05
-0.0010246
-1.28491e-05
-7.37839e-07
-0.00544861
0.00563635
-0.000106689
-2.91997e-05
0.00171493
-7.89825e-07
-0.00296009
-7.92179e-07
-7.74487e-07
-0.0005489
-0.000106474
-7.57324e-07
-7.80226e-07
-0.000106919
0.000183325
-2.92164e-05
-0.000107847
0.000197659
-0.000169937
-0.000422747
0.000214469
-0.00010657
-0.0018827
8.02021e-05
4.22628e-06
-0.00420839
0.000192684
-3.51801e-05
2.1698e-05
0.000370842
4.11186e-06
0.000296859
4.10668e-06
4.14562e-06
-0.000926479
-3.50489e-05
4.1834e-06
4.13299e-06
-3.53211e-05
1.89497e-05
2.15686e-05
-4.07129e-05
4.51038e-05
-0.0024336
-0.000293309
4.42776e-05
-3.51073e-05
-0.000695717
0.000270658
-4.24334e-05
-0.00196229
-0.00213905
3.32553e-05
9.21602e-05
0.000105005
-4.25349e-05
0.000282214
-4.25395e-05
-4.2505e-05
0.000261465
3.33804e-05
-4.24714e-05
-4.25162e-05
3.31213e-05
-6.6763e-05
9.21635e-05
-3.23762e-05
5.66601e-06
0.00109003
-8.68892e-05
7.92526e-06
3.33247e-05
-0.000983164
-7.13133e-05
7.14833e-06
-0.00172245
-0.00300886
-7.11948e-05
-6.0454e-05
-0.000351041
7.10723e-06
0.00166759
7.10537e-06
7.11936e-06
-0.000869133
-7.10529e-05
7.13293e-06
7.11482e-06
-7.13469e-05
-0.000114081
-6.05541e-05
6.59314e-06
3.16512e-05
-0.00183533
-0.000121333
2.27236e-05
-7.11161e-05
0.000796803
0.000114515
-0.000219495
-0.0088306
-0.00448996
-0.000239942
-0.0003284
0.00128677
-0.000219753
0.00366193
-0.000219765
-0.000219677
-0.00263648
-0.000239579
-0.000219592
-0.000219705
-0.000240331
-0.000250878
-0.000328788
-0.00018067
0.00033664
-0.00759543
-0.00115275
0.000341301
-0.000239741
-0.00114773
0.000319866
0.000396247
-0.00163987
0.00183151
-0.00019341
0.000282125
7.22117e-05
0.000395675
-0.000709201
0.000395649
0.000395844
-0.000876894
-0.000193153
0.000396033
0.000395781
-0.000193685
1.92038e-05
0.000281123
-3.88938e-05
0.000126202
-0.00196233
-0.000170456
0.000117435
-0.000193268
7.96539e-05
4.44903e-05
0.00182418
-0.0110244
0.0049345
-0.000313875
0.00178564
-0.000592828
0.00182167
0.000273314
0.00182156
0.00182241
-0.00451877
-0.00031279
0.00182324
0.00182213
-0.000315034
-0.000134581
0.00178091
-0.00022546
-2.93005e-05
-0.0174713
-0.00118682
-6.35206e-05
-0.000313274
0.00180999
0.000748472
-0.00197886
-0.0360794
-0.00861523
0.000111071
-0.00215423
0.00327705
-0.00197864
-0.000599658
-0.00197863
-0.00197871
-0.0105481
0.000112283
-0.00197878
-0.00197868
0.00010977
-0.000490047
-0.00215338
-0.000463464
0.000270111
-0.021834
-0.00380788
0.000312993
0.000111743
0.00355405
0.00108145
-0.01381
-0.179504
0.0157907
0.00307681
-0.0120369
0.0311417
-0.0138117
-0.031657
-0.0138118
-0.0138112
-0.062247
0.00308354
-0.0138106
-0.0138114
0.00306959
-0.00121941
-0.0120396
-0.00406478
9.87794e-06
-0.134426
-0.0253188
0.000387401
0.00308054
-0.00988231
0.0053348
-0.000674028
-0.0150665
0.00706598
0.000453812
-0.000204715
0.00436112
-0.000673801
-0.00197562
-0.000673791
-0.000673868
-0.00361136
0.000454075
-0.000673943
-0.000673843
0.000453529
3.26724e-05
-0.000204556
-0.000399748
-4.52827e-05
-0.00752408
-0.00216083
1.36819e-05
0.000453958
-0.00317487
0.000325356
-0.00171314
-0.0225677
-0.0133892
0.000226876
-0.00185387
0.00339516
-0.00171331
0.00597396
-0.00171332
-0.00171326
-0.00830514
0.000227197
-0.0017132
-0.00171328
0.000226531
-0.000546377
-0.00185316
-0.000461437
0.000248635
-0.021097
-0.00397548
0.000285161
0.000227054
-0.00179065
0.00100935
-3.78781e-05
-0.00274866
-0.00120372
0.000118437
9.09469e-05
-6.51864e-05
-3.78222e-05
0.00080634
-3.78197e-05
-3.78387e-05
-0.000608306
0.000118464
-3.78571e-05
-3.78325e-05
0.000118408
-5.05741e-05
9.09958e-05
-2.48226e-05
-0.000101073
-0.00175514
-0.000213229
-0.000101546
0.000118452
-0.000397944
0.00020161
-8.39839e-05
-0.00530064
-0.00475906
0.000354184
0.00040329
-3.89162e-05
-8.41932e-05
0.00269188
-8.42027e-05
-8.41314e-05
-0.00140791
0.000354426
-8.40623e-05
-8.41545e-05
0.000353924
-0.000221607
0.000402904
-0.000109321
-0.000318631
-0.00581682
-0.000626311
-0.000315984
0.000354318
-0.000408403
0.000200497
-0.00135774
0.0174112
0.00266821
0.00596218
0.005398
-0.0115878
-0.00136031
-0.0103987
-0.00136043
-0.00135955
0.0142767
0.00596092
-0.0013587
-0.00135984
0.00596353
-7.49013e-05
0.00539652
-0.000551529
-0.00551871
-0.00598616
-0.000654346
-0.00550888
0.00596148
-0.0108954
0.000189868
-0.0102605
0.10077
-0.0414367
0.0497531
0.0443654
-0.0880638
-0.0102784
-0.0375337
-0.0102793
-0.0102731
0.100865
0.0497403
-0.0102672
-0.0102751
0.0497668
-0.00186663
0.0443582
-0.0034776
-0.0458593
-0.0563554
-0.0050921
-0.045745
0.049746
-0.0866852
0.00328916
-0.000322961
0.00411664
-0.00808079
0.00271318
0.00287826
-0.00580469
-0.000324424
0.000659834
-0.000324491
-0.000323992
0.00543297
0.00271289
-0.000323509
-0.000324154
0.0027135
-0.000330194
0.0028768
-0.000253892
-0.00257152
-0.00596318
-0.000471897
-0.00258329
0.00271302
-0.00562927
0.000303964
0.000463355
-0.00284654
-0.00312523
0.000753721
0.00143246
-0.00057936
0.00046258
-0.000127576
0.000462545
0.000462809
0.000500422
0.000753935
0.000463065
0.000462723
0.000753493
-0.000151366
0.00143078
-0.000133295
-0.000695361
-0.00189218
-0.000287692
-0.00068789
0.00075384
-0.00266158
0.000175115
0.000164297
-0.00421568
0.00120602
4.05977e-05
0.000349232
0.00159079
0.000164025
0.000346752
0.000164012
0.000164105
-0.00103818
4.09138e-05
0.000164195
0.000164075
4.0259e-05
-4.01389e-05
0.000348489
-0.000139001
3.316e-05
-0.00231016
-0.000538874
4.77587e-05
4.07729e-05
-0.0022339
6.50234e-05
8.0194e-05
-0.00291405
-0.000882098
0.000131301
0.000354609
0.000384891
7.99083e-05
-0.000665484
7.98954e-05
7.99926e-05
-0.000739159
0.000131587
8.0087e-05
7.99611e-05
0.000130995
-5.36503e-05
0.000353906
-9.42302e-05
-9.12386e-05
-0.000491711
-0.000325116
-8.70106e-05
0.000131459
-0.000729777
5.90772e-05
0.000218198
-0.00953082
-0.0106565
4.20954e-05
0.000243241
9.43735e-05
0.000217768
0.00541353
0.000217749
0.000217895
-0.00238623
4.22937e-05
0.000218037
0.000217848
4.18824e-05
-0.000379074
0.0002424
-8.01045e-05
2.74724e-05
-0.00736471
-0.000849158
2.85178e-05
4.22053e-05
0.000107954
0.000406826
0.000563008
-0.0027718
-0.00538204
0.000117605
0.000903925
5.73837e-05
0.000562289
0.00233483
0.000562256
0.000562501
-0.000263412
0.000117992
0.000562738
0.000562421
0.00011719
-0.000281041
0.00090205
-7.00822e-05
-0.000114446
-0.00013503
7.17017e-05
-0.000113762
0.000117819
-0.00165297
-5.16811e-05
-0.00219569
-0.037011
0.0136352
0.000319283
-0.00185295
0.00897
-0.00219559
-0.0160432
-0.00219558
-0.00219562
-0.0083112
0.000320627
-0.00219565
-0.00219561
0.000317841
0.000198377
-0.00185309
-0.000844043
0.000494842
-0.0112952
-0.00424032
0.00062055
0.000320028
-0.00475678
8.76566e-05
-0.0152603
-0.137922
0.0628094
0.00717953
-0.00812683
0.0315365
-0.015259
-0.078835
-0.0152589
-0.0152594
-0.0370735
0.00718496
-0.0152598
-0.0152593
0.0071737
0.000729406
-0.00812645
-0.00407617
-0.00347643
-0.0645311
-0.0191835
-0.00293693
0.00718254
-0.0258841
0.0011095
-0.000905367
-0.00273938
0.00728715
0.000453508
-0.000338824
0.002861
-0.000905189
-0.0063006
-0.000905181
-0.000905242
-0.000402604
0.000453833
-0.0009053
-0.000905222
0.000453161
0.000108032
-0.000338823
-0.000299629
-0.000160054
0.00109543
-0.00098016
-0.00011309
0.000453688
-0.00393112
-0.000365822
2.37816e-05
-0.00544234
0.00481209
0.000139343
0.000229002
0.00207011
2.37943e-05
-0.0018896
2.37949e-05
2.37906e-05
-0.000634535
0.000139462
2.37864e-05
2.3792e-05
0.000139214
0.000112675
0.000228798
-0.000161868
1.68544e-05
-0.00162
-0.000676736
4.32252e-05
0.000139409
-0.00251152
9.369e-05
8.06273e-07
-0.00346055
0.00536261
-1.59512e-06
3.68446e-05
0.00132752
8.17637e-07
-0.00250246
8.18147e-07
8.14307e-07
-0.000314862
-1.50129e-06
8.10558e-07
8.15555e-07
-1.6958e-06
0.000171388
3.68237e-05
-9.09306e-05
8.8679e-05
-0.000302416
-0.000342092
0.000104172
-1.5431e-06
-0.00161746
0.000114536
-5.94983e-05
-0.00162041
0.00107135
0.000363944
0.000364135
8.88677e-05
-5.95571e-05
-0.000379336
-5.95598e-05
-5.95397e-05
0.000359824
0.000363913
-5.95202e-05
-5.95462e-05
0.000363978
9.92255e-06
0.000363996
-7.98865e-05
-0.000282338
-0.000944345
-0.000240614
-0.000273616
0.000363927
-0.00175891
0.000123949
-0.00239465
0.0230526
-0.00530223
0.010509
0.00924176
-0.0198932
-0.00239855
-0.0105813
-0.00239872
-0.0023974
0.0239721
0.0105062
-0.00239611
-0.00239783
0.0105119
-0.000264256
0.00924029
-0.000850618
-0.00962314
-0.0112089
-0.00137822
-0.00961081
0.0105074
-0.0205377
0.000736429
-0.0122752
0.130053
-0.0348096
0.0560193
0.0498461
-0.104426
-0.012298
-0.052499
-0.012299
-0.0122912
0.12366
0.0560048
-0.0122837
-0.0122938
0.0560349
-0.00162636
0.0498373
-0.00410558
-0.0516631
-0.0572096
-0.00557585
-0.0515952
0.0560112
-0.102675
0.00356664
-0.00344282
0.0422241
-0.010952
0.018045
0.0167889
-0.0339399
-0.00345086
-0.0188446
-0.00345122
-0.00344848
0.0416568
0.0180407
-0.00344583
-0.00344937
0.0180496
-0.000598175
0.0167836
-0.00154205
-0.0165977
-0.0190226
-0.00207541
-0.0165769
0.0180426
-0.0368482
0.00108882
-0.000966466
0.00575971
-0.00265661
0.00447797
0.00396766
-0.00745167
-0.000967798
-0.0032557
-0.000967859
-0.000967404
0.0082813
0.00447693
-0.000966965
-0.000967552
0.00447909
-0.000171669
0.00396702
-0.000407391
-0.0040786
-0.00890465
-0.000888962
-0.00406418
0.00447739
-0.0089849
0.000514596
-9.76359e-05
-0.00377378
0.00529238
0.000369411
0.000357642
0.000845256
-9.77141e-05
-0.00213332
-9.77176e-05
-9.76909e-05
0.000292272
0.000369443
-9.76651e-05
-9.76996e-05
0.000369377
0.000105741
0.000357509
-0.00014296
-0.000248082
-0.00183451
-0.000471785
-0.00022995
0.000369429
-0.0023587
0.000153309
-0.000374215
-0.00266173
0.00553963
0.000110712
-0.000248937
0.00200292
-0.000374265
-0.00304372
-0.000374268
-0.000374251
-0.000154468
0.000110882
-0.000374234
-0.000374256
0.000110529
0.000112897
-0.000248983
-0.000171409
5.28336e-05
0.00041851
-0.000668281
7.96017e-05
0.000110806
-0.00179256
-0.00010492
0.00012003
-0.00564782
-0.00512257
0.000102115
0.000307544
-3.49868e-06
0.000119747
0.00334064
0.000119734
0.00011983
-0.00116592
0.000102336
0.000119924
0.000119799
0.000101878
-0.00020691
0.000306878
-3.95871e-05
-0.000104641
-0.00393108
-0.000269536
-0.000106552
0.000102237
-0.000511245
0.000299439
-0.000229374
-0.00140384
0.00468338
-0.000114639
-0.000344315
0.000838787
-0.000229681
-0.00215734
-0.000229695
-0.00022959
-0.00158366
-0.000114385
-0.000229489
-0.000229624
-0.00011491
6.86368e-05
-0.000344839
-0.000120103
0.000152777
-0.00161823
-0.000599631
0.000155133
-0.000114498
-0.000224397
0.000163543
-0.00171306
-0.0164142
-0.00816629
-0.00101599
-0.00268474
0.00166822
-0.00171284
0.000826571
-0.00171283
-0.0017129
-0.00813983
-0.00101461
-0.00171298
-0.00171288
-0.00101748
-0.00053352
-0.00268452
-0.00023093
0.0010647
-0.00916852
-0.00174346
0.00105615
-0.00101523
0.00568913
-0.000276269
-0.00683373
0.0456925
0.00476883
-0.00189605
-0.00714269
-0.00828811
-0.00683383
-0.0355336
-0.00683383
-0.0068338
-0.00482686
-0.00189123
-0.00683377
-0.00683381
-0.00190122
-0.000679151
-0.00714466
-0.000105674
0.0010319
0.0341529
0.00402985
0.000891151
-0.00189338
0.0225075
-0.00594551
-0.000128204
-0.0047584
0.00514005
0.000197747
0.000302266
0.0015117
-0.000128482
-0.00358693
-0.000128495
-0.0001284
-0.00134156
0.000198186
-0.000128308
-0.000128431
0.000197276
0.000107589
0.000301421
-0.00015791
-0.000119171
-0.000625005
-0.000401827
-0.000102657
0.00019799
-0.00271489
1.58974e-05
-0.00012348
-0.00284304
0.00184212
0.000101785
6.19525e-05
0.000614592
-0.000123406
-0.00135249
-0.000123403
-0.000123428
-0.000535301
0.000102049
-0.000123452
-0.00012342
0.000101502
2.97563e-05
6.19678e-05
-7.44287e-05
-5.87724e-05
-0.00036174
-0.000256488
-5.12859e-05
0.000101931
-0.000504264
1.70212e-05
-0.000754068
-0.0369334
0.0411364
-0.0011518
-0.000465025
0.0148666
-0.000755838
-0.0226287
-0.000755918
-0.000755316
-0.00555328
-0.00114772
-0.000754732
-0.000755511
-0.00115617
0.000818753
-0.000468749
-0.00143033
0.001648
-0.0168745
-0.00497861
0.00177822
-0.00114954
-0.0151588
0.000243165
0.00260547
-0.113324
0.0969098
-0.00104071
0.00554543
0.0441131
0.00259279
-0.0726023
0.00259222
0.00259653
-0.0175203
-0.00102953
0.00260072
0.00259513
-0.00105269
0.00229824
0.00552089
-0.00442476
0.00292604
-0.0487983
-0.0156467
0.003359
-0.00103451
-0.0550688
0.000988878
-0.00197693
0.0163368
-0.00309393
0.0080121
0.00730222
-0.0142789
-0.00198039
-0.0113154
-0.00198054
-0.00197937
0.0177544
0.00801083
-0.00197823
-0.00197975
0.00801346
-0.00022615
0.00729993
-0.00087031
-0.00732178
-0.00950069
-0.00153127
-0.0073085
0.0080114
-0.0182625
0.000312428
-0.00874556
0.106063
-0.0269675
0.0395716
0.0352051
-0.0785619
-0.00876127
-0.0387927
-0.00876198
-0.00875663
0.0915679
0.0395613
-0.00875145
-0.00875837
0.0395827
-0.00128949
0.0351983
-0.00295862
-0.036619
-0.0379611
-0.00356634
-0.0366229
0.0395659
-0.0733806
0.00221049
-0.00166582
0.020506
-0.000852971
0.00998381
0.00932955
-0.0173421
-0.00166963
-0.0124143
-0.00166981
-0.00166851
0.0212973
0.0099813
-0.00166725
-0.00166893
0.0099865
-0.000111713
0.00932714
-0.000826867
-0.00916787
-0.0112484
-0.0012765
-0.00914423
0.00998242
-0.0197719
0.000731524
-0.000821578
0.0184371
-0.0111193
0.00525917
0.0049875
-0.0112132
-0.000823487
-0.0022622
-0.000823574
-0.000822923
0.0118059
0.00525786
-0.000822293
-0.000823134
0.00526057
-0.000422938
0.00498582
-0.000337106
-0.00495604
-0.00368786
-4.10632e-05
-0.0049724
0.00525844
-0.00945807
2.34872e-05
0.00023202
0.0011564
-0.00306708
0.000669825
0.0010841
-0.00180464
0.000231347
0.000661699
0.000231316
0.000231546
0.00100584
0.000669828
0.000231768
0.000231471
0.000669823
-0.000153818
0.00108287
-0.000119715
-0.000642487
-0.00299047
-0.00030066
-0.000653391
0.000669827
-0.00231128
0.00016119
8.09545e-05
-0.00745736
-0.00131144
0.000166967
0.000361463
0.000474069
8.05718e-05
0.000463489
8.05545e-05
8.06847e-05
-0.00153563
0.000167284
8.08111e-05
8.06425e-05
0.000166627
-9.16642e-05
0.000360804
-0.000117949
-0.000108483
-0.00457985
-0.000659717
-0.000102385
0.000167143
-0.000583856
0.000254557
5.16869e-05
-0.00449267
-0.00517614
0.000219129
0.000356956
0.000359642
5.166e-05
0.00340035
5.16587e-05
5.1668e-05
-0.000398176
0.000219334
5.16769e-05
5.1665e-05
0.00021891
-0.000258387
0.000356466
-9.9491e-05
-0.000146011
-0.00355958
-0.000431495
-0.000136174
0.000219243
-0.00122484
0.000107393
-0.000339353
0.00198404
0.00573464
0.000549214
0.000290188
0.000471892
-0.00033974
-0.0052405
-0.000339758
-0.000339626
0.000713626
0.000549282
-0.000339498
-0.000339669
0.000549141
0.000171115
0.000289699
-0.000199276
-0.000411987
0.000397207
-0.000643299
-0.000397
0.000549252
-0.00256593
-7.22652e-05
-8.22014e-05
-0.00717097
-0.000833847
0.000171514
0.000246341
0.000841388
-8.23363e-05
0.00103037
-8.23424e-05
-8.22964e-05
-0.00153194
0.000171828
-8.22519e-05
-8.23113e-05
0.000171177
-7.00987e-05
0.000245885
-0.000131991
-0.000115846
-0.00519686
-0.000612624
-0.000107423
0.000171688
-0.00200496
0.000400223
-7.64359e-06
-0.000448165
0.00715969
0.0013016
0.00158084
0.000754595
-8.36207e-06
-0.00516183
-8.39462e-06
-8.14998e-06
0.000940741
0.00130202
-7.91278e-06
-8.22933e-06
0.00130115
5.89677e-05
0.00157884
-0.000297545
-0.0011241
-0.000421698
-0.000488955
-0.00109128
0.00130184
-0.00480943
-0.000186936
4.1824e-05
-0.00406737
-0.000404683
0.000191743
0.000300544
0.000333186
4.16552e-05
0.000617416
4.16475e-05
4.1705e-05
-0.00104802
0.000191983
4.17607e-05
4.16864e-05
0.000191486
-4.94649e-05
0.000299997
-7.59113e-05
-0.000182318
-0.00319412
-0.000353718
-0.00017993
0.000191876
-0.00104583
0.000245409
0.000301697
-0.00392282
0.00678519
0.000119763
0.000538612
0.00182269
0.000301064
-0.0043888
0.000301035
0.00030125
-0.000119361
0.000120063
0.000301459
0.00030118
0.000119441
0.000168129
0.000537451
-0.000145564
-2.32492e-05
0.00145642
-0.000369753
-2.79332e-07
0.000119929
-0.00180399
-8.83018e-05
-6.91681e-06
-0.00417831
-0.0029189
0.00019657
0.000228814
0.000380028
-6.99989e-06
0.00144609
-7.00366e-06
-6.97535e-06
-0.000294444
0.000196628
-6.94792e-06
-6.98453e-06
0.000196507
-0.000112183
0.000228614
-6.43134e-05
-0.000119584
-0.00182944
-0.000330632
-0.000111179
0.000196602
-0.00126452
0.000108037
-0.000435329
-0.00267197
0.00159456
0.00152743
0.00112817
-0.000694349
-0.000435604
-0.00207262
-0.000435617
-0.000435523
0.000920998
0.0015272
-0.000435432
-0.000435553
0.00152768
2.58462e-05
0.00112799
-0.000207887
-0.00131422
-0.00502034
-0.000868285
-0.00129097
0.0015273
-0.00402556
0.000413143
-0.000462086
0.00244414
0.00350031
0.00521321
0.00525837
-0.00757478
-0.000464078
-0.00637625
-0.000464168
-0.00046349
0.00906521
0.00521207
-0.000462832
-0.00046371
0.00521444
1.83237e-05
0.00525631
-0.000549479
-0.00474336
-0.0119804
-0.00135821
-0.00471577
0.00521258
-0.011942
0.000909541
-0.00370207
0.0360965
-0.00419015
0.0213862
0.0201902
-0.0309968
-0.00371136
-0.0316862
-0.00371179
-0.00370862
0.0431937
0.0213824
-0.00370555
-0.00370965
0.0213901
-0.000481932
0.0201815
-0.0021776
-0.0194176
-0.019935
-0.00363705
-0.019298
0.0213841
-0.047072
0.000684897
-0.00163834
0.02195
0.0314205
0.0108191
0.0115849
-0.00771611
-0.0016462
-0.0455923
-0.00164655
-0.00164388
0.0265578
0.0108197
-0.00164129
-0.00164475
0.0108185
0.000553114
0.0115733
-0.00203127
-0.00945613
0.00237657
-0.00264828
-0.00929194
0.0108195
-0.0398168
-0.000968177
-0.000540127
0.011721
-0.00585805
0.00405642
0.00400988
-0.00648427
-0.000541994
-0.00536851
-0.000542079
-0.000541443
0.00882481
0.00405577
-0.000540826
-0.000541649
0.00405711
-0.000286565
0.00400721
-0.000501528
-0.00364223
-0.00318914
-0.000851263
-0.0036255
0.00405606
-0.0106021
-0.000227264
-0.000299547
-0.00046134
0.000376482
0.000891699
0.00081611
-0.00126718
-0.00029982
-0.00236943
-0.000299832
-0.000299739
0.00123526
0.000891823
-0.000299649
-0.000299769
0.000891566
-2.03914e-05
0.00081562
-0.000144254
-0.000830952
-0.00195753
-0.0002553
-0.000826804
0.000891768
-0.00177828
0.000247994
-0.000458896
-0.000198448
0.00562876
0.000246429
-0.000148847
0.00128306
-0.000459025
-0.00428206
-0.000459031
-0.000458987
0.000577904
0.000246549
-0.000458944
-0.000459001
0.000246301
0.000151329
-0.000148792
-0.000188597
-8.49269e-05
0.000774184
-0.000703275
-6.44095e-05
0.000246496
-0.00164455
-0.000279253
0.000225852
0.00633805
-0.0118136
0.00062725
0.00100276
-0.00148739
0.000225234
0.00510037
0.000225206
0.000225416
0.00199506
0.000627131
0.00022562
0.000225348
0.000627377
-0.000484203
0.00100125
-5.1446e-05
-0.000568592
0.00396526
0.000183756
-0.00057569
0.000627184
-0.00141483
-0.000753246
-0.000573305
-0.00675986
0.00442466
-0.000175597
-0.000460576
-0.000626426
-0.00057286
-0.00110702
-0.00057284
-0.000572991
-0.00258795
-0.00017509
-0.000573138
-0.000572942
-0.00017614
-0.000163825
-0.000459705
-0.000118618
9.03397e-05
-0.00455981
-0.00052607
7.37347e-05
-0.000175316
0.00133772
0.000268213
-0.0276851
-0.293896
0.0060412
-0.0121923
-0.0381344
0.0376754
-0.0276818
-0.0799027
-0.0276817
-0.0276828
-0.1142
-0.0121756
-0.0276839
-0.0276825
-0.0122101
-0.00416037
-0.0381276
-0.00455944
0.0151944
-0.138813
-0.0263182
0.0156093
-0.0121831
0.0674931
0.000819641
-0.0832849
0.0298852
0.19356
-0.0207838
-0.0872876
0.0132273
-0.0832803
-0.432197
-0.0832801
-0.0832817
-0.0880759
-0.0207405
-0.0832832
-0.0832812
-0.0208302
-0.00779897
-0.0872894
-0.00829003
0.0239722
0.198745
0.00613873
0.0245972
-0.0207598
0.174434
-0.0495375
-0.00709703
-0.0125343
0.0128707
-0.00199687
-0.00747719
0.00183453
-0.00709745
-0.0335072
-0.00709746
-0.00709732
-0.0118783
-0.00199248
-0.00709719
-0.00709737
-0.00200157
-0.000917313
-0.00747926
-0.000844446
0.00221264
0.00430778
-0.000227176
0.00225955
-0.00199444
0.0147246
-0.00345239
-0.000792503
-0.00764594
0.00486227
7.90816e-06
-0.000641025
0.0013489
-0.000792695
-0.00507927
-0.000792704
-0.000792638
-0.00378505
8.5816e-06
-0.000792575
-0.00079266
7.18629e-06
-2.46067e-05
-0.000641315
-0.000254459
0.000112124
-0.00496751
-0.00120914
0.000127897
8.28143e-06
0.00122678
-6.60769e-05
-0.000464624
-0.00780544
0.00429123
0.000115553
-0.000238904
0.000820611
-0.000465049
-0.00339724
-0.000465068
-0.000464923
-0.00238307
0.000115953
-0.000464783
-0.00046497
0.000115124
0.000105183
-0.00023906
-0.000198668
-5.58092e-05
-0.005643
-0.00122821
-5.59749e-05
0.000115775
-0.00210148
0.000500137
0.000513143
-0.00945684
-0.00809172
0.0009368
0.00174996
-0.000440603
0.000511942
0.0012823
0.000511888
0.000512296
0.000304076
0.000937345
0.000512693
0.000512164
0.000936216
-0.000377216
0.00174779
-0.000230105
-0.000823549
-0.00588697
-0.000823619
-0.000809506
0.000937102
-0.00206518
-0.000301763
-0.000732715
-0.0154834
0.0154812
0.00146216
0.00105471
0.00320985
-0.00073506
-0.0118401
-0.000735167
-0.000734368
-0.00035631
0.00146263
-0.000733594
-0.000734627
0.00146166
0.000326923
0.00105168
-0.000898041
-0.000849815
-0.015982
-0.00388887
-0.000787472
0.00146242
-0.0111119
0.000899378
-0.00168154
-0.000629662
-0.0089908
0.00672782
0.00559202
-0.0101098
-0.00168373
-0.00495563
-0.00168383
-0.00168309
0.0104733
0.00672669
-0.00168236
-0.00168333
0.00672904
-0.00036699
0.00559043
-0.000663617
-0.00610837
-0.0178369
-0.00183844
-0.00607443
0.00672719
-0.0124628
0.00106235
-0.000832511
-0.00905421
-0.00240621
0.00338686
0.0031768
-0.000566919
-0.000834705
-0.00588043
-0.000834805
-0.000834058
0.003101
0.00338733
-0.000833333
-0.0008343
0.00338637
-0.000268297
0.00317361
-0.000798421
-0.00280601
-0.012389
-0.00269839
-0.00274236
0.00338712
-0.0124865
0.000337578
-0.000354513
-0.00126349
0.015399
0.00394726
0.00487415
0.000529191
-0.00035774
-0.0190431
-0.000357886
-0.000356787
0.00855548
0.00394828
-0.000355722
-0.000357144
0.00394616
0.000162558
0.00486837
-0.00106083
-0.00328303
-0.000996153
-0.00182761
-0.00318187
0.00394783
-0.017835
-0.000414661
-0.000601133
-0.00587906
0.00326436
0.00112601
0.000831361
0.000656367
-0.000601806
-0.00501074
-0.000601836
-0.000601607
0.00144056
0.00112636
-0.000601385
-0.000601681
0.00112563
3.3932e-05
0.000830249
-0.000347834
-0.000864749
-0.00284
-0.000914933
-0.000832013
0.0011262
-0.00581044
0.000191049
-0.000231384
0.000347394
0.00568692
0.000581383
0.000555217
-0.000580077
-0.000231598
-0.00408
-0.000231608
-0.000231535
-8.65501e-05
0.000581686
-0.000231464
-0.000231559
0.000581058
6.25914e-05
0.000554995
-0.000160213
-0.000545163
-0.00099896
-0.000537283
-0.000544982
0.000581551
-0.000209843
-5.14694e-05
3.83861e-05
-0.00353105
0.00183002
0.000245026
0.000441574
6.91655e-05
3.82287e-05
-0.00113034
3.82215e-05
3.82752e-05
-0.000664707
0.000245265
3.83272e-05
3.82578e-05
0.000244771
5.71979e-06
0.000441044
-0.000121284
-0.000226619
-0.0032222
-0.000387494
-0.000223671
0.000245158
-0.00112422
0.000164545
-0.000109391
-0.0199487
0.0206596
-6.20059e-06
0.000979627
0.00779835
-0.000112004
-0.0182629
-0.000112123
-0.000111233
-0.00496107
-3.26173e-06
-0.00011037
-0.000111522
-9.34844e-06
0.000303552
0.000974582
-0.00106647
0.000368961
-0.0113724
-0.00388543
0.000447334
-4.57193e-06
-0.00661277
-0.000276422
-0.000820309
-0.0100963
-0.0165275
0.00020931
0.00126915
0.00651931
-0.000825296
-0.00642649
-0.000825522
-0.000823825
-0.00339733
0.000213994
-0.000822179
-0.000824375
0.000204295
-0.00134125
0.00125949
-0.00148607
0.000255509
-0.0106014
-0.00476264
0.000319781
0.000211906
-0.00835898
-0.00260376
0.00172804
0.0291111
-0.0260782
0.000777383
0.00439471
-0.00858715
0.0017227
-0.0087384
0.00172246
0.00172427
0.00275962
0.000781459
0.00172604
0.00172368
0.000773023
-0.00140063
0.00438309
-0.000461474
-0.00153034
0.0115462
0.00144449
-0.00165624
0.000779641
0.00272389
-0.00437174
-8.23202e-05
-0.00146781
-0.000456407
-4.98201e-05
0.000147663
0.000981332
-8.31786e-05
-0.00108325
-8.32174e-05
-8.29253e-05
-0.00115949
-4.90373e-05
-8.26419e-05
-8.302e-05
-5.06581e-05
-0.000187521
0.000145535
-0.000242826
8.40157e-05
-0.00306065
-0.000642364
8.78558e-05
-4.93863e-05
-0.00231763
-0.000115297
-0.000233222
-0.00354621
0.00994592
0.000389026
0.000209226
0.00300312
-0.000233545
-0.00579584
-0.00023356
-0.00023345
0.000248736
0.000389186
-0.000233343
-0.000233486
0.000388855
0.000232657
0.000208504
-0.000280014
-0.000114098
-0.000845088
-0.000957362
-6.32522e-05
0.000389114
-0.00407645
-7.73967e-05
0.000342467
-0.00346931
6.69167e-05
0.000884138
0.00142996
-0.000568697
0.000341734
-0.00194566
0.000341701
0.00034195
0.00106067
0.000884259
0.000342192
0.000341869
0.000884008
-1.60087e-05
0.00142856
-0.000131083
-0.000813878
-0.00102559
-0.000209228
-0.000805708
0.000884205
-0.00308501
2.40946e-05
-5.06548e-05
-9.35862e-05
-0.0013198
0.00191199
0.00219243
-0.00307778
-5.14246e-05
-0.00325389
-5.14595e-05
-5.11973e-05
0.00243011
0.00191201
-5.09431e-05
-5.12823e-05
0.00191196
-0.000132482
0.00219109
-0.000191122
-0.00181019
-0.0034398
-0.000200365
-0.00180039
0.001912
-0.00263677
0.000165659
0.000209358
-0.00531984
0.00217858
0.00114636
0.00164639
-0.000167674
0.000208723
-0.00238055
0.000208695
0.000208911
0.000645322
0.00114664
0.00020912
0.000208841
0.00114606
-3.64927e-05
0.00164485
-0.000254302
-0.00101796
-0.00517811
-0.000681904
-0.000996696
0.00114652
-0.00381603
0.000309009
-0.000400583
-0.00306257
-0.00154929
0.00194404
0.00197214
-0.00227077
-0.000401474
-0.00172334
-0.000401514
-0.000401211
0.00310127
0.00194412
-0.000400917
-0.000401309
0.00194394
-0.000200757
0.00197093
-0.000348519
-0.00172181
-0.00616349
-0.000876919
-0.00170607
0.00194408
-0.00625237
0.000421757
-0.000446084
-0.00267701
0.00292409
0.000871072
0.00063553
0.000413513
-0.000446596
-0.00453431
-0.000446619
-0.000446445
0.00035319
0.000871453
-0.000446276
-0.000446501
0.000870664
2.86561e-05
0.000634937
-0.000254588
-0.000710881
-0.00161801
-0.000913976
-0.000690838
0.000871283
-0.00275941
-1.86582e-05
-0.000557826
0.00217112
-0.00340511
0.000875254
0.000574423
-0.00132002
-0.000558133
-0.000838831
-0.000558147
-0.000558042
0.00186393
0.000875586
-0.000557941
-0.000558076
0.000874898
-0.000270023
0.000574052
-0.000192992
-0.000783745
-0.000433946
-0.000413137
-0.000781614
0.000875438
-0.0015066
-0.000466757
0.00035002
-0.00550854
0.00563769
0.00100714
0.00147558
0.000222366
0.000348928
-0.00450144
0.000348878
0.00034925
0.000326438
0.00100728
0.00034961
0.000349129
0.001007
8.46829e-05
0.00147365
-0.000205207
-0.00089299
-0.00369129
-0.000551153
-0.000870671
0.00100722
-0.00295643
0.000159154
0.000543057
-0.00362288
0.000408642
0.000484105
0.0011529
0.000782751
0.000541853
-0.000209175
0.000541798
0.000542208
-0.000634828
0.000484278
0.000542606
0.000542075
0.00048392
-6.56042e-05
0.00115046
-0.000220289
-0.000393658
-0.0055363
-0.00083429
-0.000379085
0.000484201
-0.00270005
0.000153271
-8.65453e-05
-0.0106607
-0.00158839
-0.0002224
-0.00013607
0.000157507
-8.70571e-05
-0.000430565
-8.70803e-05
-8.69061e-05
-0.00190356
-0.000221858
-8.67372e-05
-8.69626e-05
-0.000222981
-0.000169536
-0.000136892
-0.00010473
0.000206778
-0.00607905
-0.000461061
0.000207629
-0.000222099
0.000407738
0.000451732
-0.000557837
0.0302986
-0.0033315
-0.000187576
-0.000228948
-0.00585633
-0.000558328
-0.00742875
-0.00055835
-0.000558183
0.00614624
-0.000187012
-0.000558021
-0.000558237
-0.000188178
-0.000330034
-0.000230343
0.000169425
-0.000185581
0.0181111
0.00278237
-0.000239659
-0.000187264
0.0060502
-0.00219225
-0.0144407
-0.120276
-0.0405987
-0.0098792
-0.0213189
-0.00479438
-0.0144512
-0.0667091
-0.0144517
-0.0144481
-0.0661977
-0.00986467
-0.0144446
-0.0144492
-0.00989477
-0.00733202
-0.0213381
-0.00304005
0.0102792
-0.0889931
-0.0101877
0.0103621
-0.00987115
0.0914351
-0.00632064
-0.0401614
0.358762
-0.0462767
-0.000571609
-0.0215379
-0.115518
-0.0401931
-0.254075
-0.0401946
-0.0401838
0.0405254
-0.000540883
-0.0401733
-0.0401873
-0.000604471
-0.017919
-0.0216089
-0.00340129
-0.00342514
0.175862
0.0456356
-0.00378256
-0.000554587
0.184253
-0.048275
-0.00441119
0.037669
0.0126816
0.000273034
-0.00208549
-0.00983878
-0.00441422
-0.0404338
-0.00441435
-0.00441332
0.00503263
0.000276599
-0.00441232
-0.00441366
0.000269221
-0.00131637
-0.00209241
-0.000533026
-0.000530161
0.0241185
0.00428417
-0.000527398
0.000275009
0.0189973
-0.00590677
-0.00112682
-7.15325e-05
0.00506001
0.000189073
-0.000826802
-0.00199832
-0.00112636
-0.00773357
-0.00112634
-0.0011265
2.55457e-05
0.000189366
-0.00112665
-0.00112645
0.000188759
9.05569e-05
-0.000825689
-3.73656e-05
-0.00022636
-0.000325151
0.000244552
-0.000233932
0.000189236
0.00281166
-0.000220885
-0.000103
-0.00153676
-0.00291458
-5.25038e-05
-4.73443e-05
-0.000756243
-0.000103046
0.00225581
-0.000103048
-0.000103032
-0.000500158
-5.23043e-05
-0.000103017
-0.000103037
-5.27174e-05
-0.000152165
-4.74016e-05
2.85918e-06
-1.51726e-05
-0.00200223
-1.02845e-05
-2.95904e-05
-5.23933e-05
0.000505398
0.000186817
-0.000154011
-0.000892447
0.00285605
0.000352181
0.000331811
0.000196073
-0.000154273
-0.00292801
-0.000154285
-0.000154196
0.000543319
0.000352309
-0.00015411
-0.000154225
0.000352044
0.000110611
0.000331669
-9.16401e-05
-0.000285901
0.000763499
-0.000256718
-0.000278751
0.000352252
-0.00187426
-2.81498e-05
-0.000120439
-0.00266212
0.000588821
0.000197033
7.84607e-05
0.000185357
-0.000120361
-0.000124573
-0.000120357
-0.000120384
-0.000599196
0.000197074
-0.00012041
-0.000120375
0.00019699
-1.50725e-05
7.86233e-05
-5.35135e-05
-0.000150416
-0.00197264
-0.000322288
-0.000144224
0.000197056
-0.000254263
0.000174489
-0.000299818
-0.00362878
0.000519273
8.59068e-05
-0.000287687
0.000922505
-0.000299864
-0.00151044
-0.000299866
-0.00029985
-0.000501029
8.59894e-05
-0.000299835
-0.000299855
8.58184e-05
-2.55886e-05
-0.000287602
-0.00014291
7.01085e-05
-0.00183735
-0.000821873
8.69561e-05
8.59526e-05
-0.00129671
7.97531e-05
0.000374797
-0.00171877
0.00403251
7.4475e-05
0.0004808
0.000776038
0.000374355
-0.00291209
0.000374335
0.000374485
0.000114429
7.45896e-05
0.000374631
0.000374437
7.43524e-05
0.000111651
0.000479806
-8.12756e-05
-2.39773e-05
0.00122791
-0.000200384
-1.37113e-05
7.45385e-05
-0.00113972
-2.55592e-05
0.000493819
-0.00669223
-0.0037732
0.00025962
0.000952244
0.000937054
0.000492969
0.00103032
0.000492931
0.00049322
-0.001923
0.000260068
0.000493501
0.000493126
0.00025914
-0.000125571
0.000950296
-0.000153909
-0.000214714
-0.00450027
-0.000646712
-0.000207968
0.000259868
-0.00249056
0.000248402
0.000125573
-0.0095821
0.0143662
-8.63262e-05
0.000229227
0.00312103
0.000124783
-0.0109078
0.000124747
0.000125016
-0.000958378
-8.56292e-05
0.000125277
0.000124929
-8.70731e-05
0.000487552
0.000228045
-0.000305116
0.000270506
-0.00129442
-0.00117073
0.000305947
-8.59399e-05
-0.00262236
-1.22083e-05
0.000746582
-0.00727978
-0.00555382
0.000338189
0.00143051
-0.000824999
0.000745154
0.00518001
0.000745089
0.000745575
-0.00135875
0.000338588
0.000746046
0.000745417
0.000337762
-0.000401346
0.0014279
-9.35105e-05
-0.000442508
-0.00699226
-0.000146892
-0.000452948
0.00033841
-0.00203884
0.000713488
0.00012694
0.00213892
0.00113753
-0.000179205
0.000144289
0.000593264
0.000126506
-0.00307618
0.000126486
0.000126634
0.00140933
-0.000179074
0.000126777
0.000126586
-0.000179344
6.33313e-05
0.000143733
-5.57148e-05
0.000181256
0.00419679
9.57786e-05
0.000184988
-0.000179132
-0.00107075
-0.000476403
0.000355591
0.00375602
-0.00884842
-5.92818e-05
0.000592021
-0.00227486
0.000355022
0.00388036
0.000354996
0.00035519
-0.000233623
-5.8771e-05
0.000355378
0.000355127
-5.98275e-05
-0.000329094
0.000590634
6.35662e-05
-0.000237751
-0.00168156
0.000556045
-0.000279653
-5.89989e-05
0.00196465
-0.000191531
0.000269918
-0.000231563
0.00508166
-0.00042881
6.1248e-05
0.00202255
0.000269593
-0.00292071
0.000269578
0.000269689
0.000910517
-0.00042847
0.000269796
0.000269653
-0.000429173
5.78136e-06
6.04847e-05
-0.000150565
0.000494802
0.00435513
-0.000258058
0.000512406
-0.000428622
-0.00171676
-0.000690853
-9.0328e-05
-0.00202019
0.00723916
0.000187611
0.000451196
-0.000342618
-9.04928e-05
-0.00449341
-9.05002e-05
-9.04441e-05
0.000168686
0.000188119
-9.03897e-05
-9.04623e-05
0.000187067
8.93934e-05
0.000450416
-8.29435e-05
-0.000263675
0.000402195
0.000420398
-0.000265063
0.000187892
0.00034889
-9.47334e-05
0.000265442
-0.00320485
-0.00793498
-6.62541e-05
0.000267661
-0.00104621
0.000265047
0.00372645
0.000265029
0.000265163
-0.00159589
-6.6032e-05
0.000265294
0.00026512
-6.64921e-05
-0.000262913
0.000266893
9.29977e-06
-1.42752e-05
-0.00390374
-0.000200152
-3.484e-05
-6.6131e-05
0.000687958
0.000221735
-0.000268551
0.00143872
0.000329574
0.000136263
-9.60531e-05
-0.000474941
-0.000268401
-0.00237521
-0.000268394
-0.000268445
0.000148843
0.000136356
-0.000268495
-0.000268429
0.000136165
3.89574e-05
-9.57059e-05
-1.0032e-05
-0.000151535
0.000560207
4.3006e-05
-0.000153616
0.000136314
0.000955231
-0.000260213
0.000161438
-0.00814875
0.00313672
-1.89684e-07
0.000216166
0.00157536
0.000161243
-0.00202718
0.000161235
0.000161301
-0.00136551
4.31497e-08
0.000161365
0.000161279
-4.39492e-07
9.16055e-05
0.000215677
-0.000132959
0.000109171
-0.00289642
-0.00065107
0.000129087
-6.06064e-08
-0.0017779
0.000297049
-3.11749e-05
-0.0146549
0.00686356
-0.000208537
-3.42405e-05
0.00325514
-3.14707e-05
-0.0055903
-3.14841e-05
-3.13834e-05
-0.00102829
-0.000207982
-3.12858e-05
-3.14161e-05
-0.000209132
0.000148611
-3.48818e-05
-0.000258229
0.000440242
-0.000757381
-0.000980475
0.000484491
-0.000208229
-0.0021941
0.000109723
0.000483707
-0.00058207
-0.000491287
8.35494e-05
0.000767234
-0.000343823
0.000483107
0.00184658
0.00048308
0.000483284
-0.00133424
8.38853e-05
0.000483482
0.000483218
8.31899e-05
-0.000106671
0.000765892
-4.4314e-05
-0.000204105
-0.00393256
-0.000129314
-0.000218354
8.37355e-05
-0.000378661
0.000117931
1.69018e-05
0.000838687
-0.000952699
0.000109741
0.000206083
-9.5998e-05
1.68159e-05
0.000302753
1.6812e-05
1.68412e-05
0.000371514
0.000109862
1.68696e-05
1.68317e-05
0.000109612
-7.3296e-05
0.000205933
-2.1528e-05
-0.00011252
0.000984568
2.64357e-05
-0.000113707
0.000109808
-0.000359555
-0.000200708
0.000125307
0.000511527
0.00315553
8.67592e-05
0.000276865
0.000751658
0.000125001
-0.000848261
0.000124987
0.000125091
0.000215737
8.69452e-05
0.000125192
0.000125057
8.65603e-05
3.21513e-05
0.000276086
-8.60067e-05
-6.19692e-05
-0.000616591
-0.000149454
-5.22893e-05
8.68622e-05
-0.0016264
-5.18437e-05
-0.00027362
-0.00718292
0.00228772
2.07458e-05
-0.000233977
0.00195925
-0.00027371
-0.000403073
-0.000273714
-0.000273684
-0.00191496
2.09445e-05
-0.000273654
-0.000273694
2.05326e-05
2.44414e-05
-0.000233972
-0.000187562
0.000137068
-0.00575946
-0.00109729
0.000158708
2.0856e-05
-0.00259797
0.000310582
0.000119749
-0.00585787
0.0043433
0.00019992
0.000439121
0.00151879
0.000119525
-0.00303494
0.000119515
0.000119591
-0.000355507
0.000200088
0.000119665
0.000119566
0.000199741
0.000131497
0.000438675
-0.000135236
-8.38164e-05
-0.00101476
-0.000444289
-6.09287e-05
0.000200013
-0.00228253
0.000166361
-2.31687e-05
-0.00759133
0.0119731
7.64041e-05
0.000163922
0.00250857
-2.32449e-05
-0.00696004
-2.32483e-05
-2.32223e-05
-0.000730861
7.66642e-05
-2.31972e-05
-2.32307e-05
7.61251e-05
0.000375497
0.00016393
-0.00021902
9.37082e-05
-0.00148785
-0.000865156
0.000125888
7.65483e-05
-0.00301665
0.000209477
0.000510611
0.00419873
-0.015615
-0.000273043
0.00025364
-0.00292833
0.000510089
0.00642976
0.000510065
0.000510243
5.91018e-05
-0.000272888
0.000510415
0.000510185
-0.000273209
-0.000511144
0.000252316
0.000134678
4.765e-05
-0.00103093
0.000529264
5.60372e-06
-0.000272957
0.00317837
-0.000234372
0.000492371
-0.00809739
-0.00270799
-0.000115496
0.000466313
0.000836541
0.000491641
0.0016797
0.000491608
0.000491856
-0.00209692
-0.000115109
0.000492097
0.000491776
-0.00011591
-0.000180841
0.000464977
-0.000119098
0.000149659
-0.00576019
-0.000725099
0.000155401
-0.000115282
-0.000630425
0.000271103
0.000384216
-0.00849435
-0.0104381
-0.00135357
-0.00021582
-0.00388146
0.000380686
-0.00667787
0.000380527
0.000381728
-0.00487187
-0.00135129
0.000382893
0.000381338
-0.00135601
-0.00104667
-0.000222592
-0.00020255
0.000986022
-0.00662571
0.000665296
0.000938853
-0.00135231
0.0100101
-0.00099416
-0.00190037
0.147347
0.00049542
-0.000464076
0.00187578
-0.0323295
-0.00190761
-0.051119
-0.00190794
-0.00190547
0.0349056
-0.000459741
-0.00190308
-0.00190627
-0.000468704
-0.00185446
0.00186112
0.000480625
-0.00161756
0.0878576
0.0164213
-0.00189323
-0.000461675
0.0236526
-0.0115963
0.000226358
0.00787747
-0.000928542
-0.00033494
0.000354101
-0.00416142
0.000225073
-0.00307129
0.000225015
0.000225452
0.00137473
-0.000334192
0.000225876
0.00022531
-0.000335739
-0.000330363
0.000351273
5.08221e-05
-4.99785e-06
0.0030853
0.00163426
-5.25963e-05
-0.000334525
0.00437348
-0.000535865
-0.00022507
-0.000202915
-0.00681504
4.07417e-05
-0.000246101
-0.000627899
-0.000225211
0.00253329
-0.000225218
-0.00022517
-0.000571698
4.08664e-05
-0.000225123
-0.000225185
4.06079e-05
-0.000289245
-0.000246278
4.98074e-06
-4.82945e-05
0.000220993
-0.000129661
-5.73942e-05
4.08108e-05
0.00132681
-0.00012831
2.45155e-05
-0.0039272
0.00233064
3.34977e-05
0.000100874
0.00088336
2.43382e-05
-0.000770276
2.43302e-05
2.43905e-05
-0.000857082
3.36189e-05
2.44491e-05
2.43709e-05
3.33676e-05
6.4557e-05
0.000100547
-7.53146e-05
1.01977e-05
-0.00202718
-0.000364895
1.80807e-05
3.35649e-05
-0.00126628
0.000255133
7.36555e-05
-0.000941479
-0.000911305
5.10976e-05
0.000187469
-0.000151884
7.35663e-05
6.02524e-06
7.35623e-05
7.35926e-05
-6.0256e-05
5.11974e-05
7.36221e-05
7.35828e-05
5.09905e-05
-2.11217e-05
0.000187207
-1.10953e-05
-6.01503e-05
0.000313074
9.52528e-06
-6.40989e-05
5.11529e-05
-0.000586009
3.16731e-05
0.000103266
-0.00284078
0.00464766
0.000172961
0.000329294
0.0011237
0.00010297
-0.00276328
0.000102956
0.000103057
-0.000537364
0.000173157
0.000103155
0.000103024
0.000172751
0.000144717
0.000328684
-0.000103078
-0.000109485
-0.000521664
-0.000391022
-9.74673e-05
0.00017307
-0.00205448
9.5221e-05
0.000282459
0.000491636
-0.00275028
1.78694e-05
0.000427814
-0.000684739
0.000281908
0.000151172
0.000281883
0.000282071
0.000197278
1.81891e-05
0.000282253
0.00028201
1.75269e-05
-0.000124731
0.000426761
-1.8076e-05
-7.7715e-05
0.000955605
0.000126043
-9.02926e-05
1.80466e-05
-0.00010071
-0.000228104
1.34134e-05
-0.00125869
0.00216104
0.000164552
0.000187121
0.000132799
1.32173e-05
-0.000708531
1.32085e-05
1.32752e-05
-0.00103082
0.000164623
1.33399e-05
1.32535e-05
0.000164474
4.9198e-05
0.00018674
-5.70155e-05
-0.000155361
-0.00268072
-0.000323518
-0.000155328
0.000164591
-0.000586828
0.000195085
0.000214894
-0.0051997
-0.00426129
3.06064e-05
0.000257631
-0.000129852
0.00021447
0.00359631
0.000214451
0.000214595
-0.00234515
3.07789e-05
0.000214735
0.000214548
3.04212e-05
-0.000214163
0.000256918
-4.22657e-05
-5.32456e-05
-0.0065194
-0.000562258
-6.00114e-05
3.0702e-05
0.000830271
0.000258853
-5.97838e-05
-0.00655906
-0.00498257
-0.000245667
-0.000174099
-0.000391595
-5.97656e-05
0.00422034
-5.97648e-05
-5.97709e-05
-0.00222843
-0.000245261
-5.97769e-05
-5.97689e-05
-0.000246102
-0.00025594
-0.000174271
-1.4263e-05
0.000145147
-0.00557057
-0.000235813
0.000128294
-0.000245442
0.0005375
0.000525263
0.000815611
-0.02916
-0.00580893
-0.000582645
0.000818923
0.00557111
0.000813767
0.0113444
0.000813683
0.000814311
-0.00437106
-0.000581759
0.00081492
0.000814108
-0.000583592
-0.00074088
0.000816091
-0.000491965
0.000736094
-0.0197663
-0.00228689
0.000784172
-0.000582154
-0.00724734
0.00119144
0.00209522
-0.027282
-0.00887805
-0.00115334
0.00210276
0.00566432
0.0020919
0.0100937
0.00209175
0.00209288
-0.00362511
-0.00115135
0.00209398
0.00209251
-0.00115548
-0.000736162
0.00209676
-0.000493842
0.000993019
-0.0157511
-0.00146967
0.00100946
-0.00115224
-0.00967209
0.000942768
0.00287942
-0.280117
-0.120826
-0.0079853
-0.00548285
0.0205632
0.00285827
0.0514638
0.00285732
0.00286451
-0.11254
-0.00797237
0.00287149
0.00286218
-0.00799916
-0.00888597
-0.00550883
-0.00596309
0.00973764
-0.309803
-0.0484864
0.00976098
-0.00797814
0.0672343
0.0057404
0.00236903
-0.24328
-0.0316019
0.00307054
0.00755828
0.0160478
0.00234292
-0.0442764
0.00234173
0.00235062
-0.0826804
0.00308295
0.00235924
0.00234774
0.00305725
-0.00769287
0.00752891
-0.00873734
0.000548671
-0.288549
-0.0542169
0.000854847
0.00307742
0.0686283
-0.00524699
-0.0020437
-0.037632
0.0069721
0.00095752
-0.000872798
0.00737079
-0.00204754
-0.016467
-0.00204772
-0.00204641
-0.0116753
0.000959741
-0.00204514
-0.00204683
0.000955141
-0.000679232
-0.000876374
-0.00169807
0.000104524
-0.0409241
-0.00947149
0.000234648
0.000958751
0.00304448
-0.000884421
0.00190642
-0.0210624
0.0117913
-0.000406773
0.00205581
0.00439331
0.00190293
-0.00694775
0.00190277
0.00190396
-0.00366949
-0.000405707
0.00190511
0.00190358
-0.000407914
9.12419e-05
0.00204952
-0.000698328
0.000666103
-0.0165374
-0.00289645
0.000710883
-0.000406183
-0.00326844
7.27507e-05
-7.2809e-05
-0.000301902
-0.00206065
-6.80549e-06
-2.91712e-05
0.000597455
-7.29893e-05
-0.00104263
-7.29975e-05
-7.29361e-05
0.000263454
-6.65728e-06
-7.28765e-05
-7.2956e-05
-6.96395e-06
-9.65223e-05
-2.95731e-05
-0.000108875
9.99249e-05
0.000675176
-0.000370431
0.000111088
-6.72339e-06
1.21449e-05
-0.000379778
-0.0001106
-0.00730197
0.00560798
-0.000151877
-0.00020928
0.00185858
-0.000110704
-0.00138549
-0.000110708
-0.000110673
-0.00164133
-0.000151656
-0.000110639
-0.000110684
-0.000152114
0.000108518
-0.000209289
-0.000135057
0.000238254
-0.00370313
-0.000739344
0.000254272
-0.000151754
-0.0017197
0.000330636
0.000261352
-0.00759804
0.00563671
5.32097e-05
0.000493981
0.00201253
0.00026086
-0.00311418
0.000260838
0.000261005
-0.000187619
5.35338e-05
0.000261168
0.000260951
5.28627e-05
0.000111566
0.000492929
-0.000169787
7.34024e-05
-0.0010766
-0.000462636
0.000103945
5.33893e-05
-0.00240942
0.000193805
0.000156019
-0.00780127
-0.000290063
-9.05053e-06
0.000236018
0.00136066
0.000155785
0.000530252
0.000155774
0.000155854
-0.00126378
-8.80545e-06
0.000155931
0.000155828
-9.31362e-06
-4.58517e-05
0.000235408
-0.000122413
0.000120252
-0.00294842
-0.000625925
0.000136762
-8.91465e-06
-0.00190632
0.000326682
0.000184083
-0.0145946
0.00221224
-0.000185069
0.000235593
0.00164644
0.00018355
-0.000556957
0.000183525
0.000183707
-0.00332615
-0.000184392
0.000183883
0.000183648
-0.000185794
-1.97075e-05
0.000234528
-0.000203415
0.000242764
-0.00817476
-0.00102307
0.000253371
-0.000184693
-0.00146833
0.000640366
8.83684e-05
-0.0148988
-0.0149104
0.000281566
0.000548538
0.000458196
8.73601e-05
0.00802019
8.73145e-05
8.76577e-05
-0.00441737
0.000282374
8.79905e-05
8.75463e-05
0.000280701
-0.000686235
0.000546288
-0.000216862
-0.000214004
-0.0137463
-0.00128781
-0.000208733
0.000282014
-0.00180118
0.000780054
0.000378188
-0.00385861
-0.0077264
0.000171005
0.000723037
-0.000351196
0.000377794
0.00583529
0.000377777
0.000377911
-0.00154145
0.000171292
0.000378041
0.000377867
0.000170698
-0.000356703
0.000721794
-3.02628e-05
-0.000229985
-0.00464969
-0.000110321
-0.000239361
0.000171164
-0.000843502
0.000263866
7.89953e-05
-0.00737611
-0.00109274
-9.91682e-05
-1.24384e-05
0.00148437
7.86382e-05
-0.0010337
7.8622e-05
7.87436e-05
-0.00211079
-9.88729e-05
7.88615e-05
7.87041e-05
-9.94854e-05
-3.8167e-05
-1.28955e-05
-0.000132244
0.000216816
-0.00268601
-0.000935494
0.00022959
-9.90045e-05
-0.00089986
7.43788e-05
-0.000252105
-0.00712191
0.00301031
0.000104271
-6.02909e-05
0.00176643
-0.000251986
-0.00293348
-0.000251981
-0.000252021
-0.00177424
0.000104599
-0.00025206
-0.000252008
0.000103919
4.07766e-05
-6.00478e-05
-0.000164109
3.03702e-05
-0.000402252
-0.000846161
4.95665e-05
0.000104453
-0.000926822
-7.59311e-05
0.000129623
-0.00557698
-0.00233194
-0.00030159
-0.000113303
-0.000198633
0.000129273
-0.000738417
0.000129257
0.000129376
-0.00136838
-0.000301268
0.000129492
0.000129337
-0.000301936
-5.44071e-05
-0.000113631
-2.45628e-05
0.000241194
-0.00152285
-0.000338905
0.000227537
-0.000301411
0.000924287
9.05987e-05
-3.64588e-05
-0.00556566
-0.00594337
-0.000186633
-0.000123738
-0.00138999
-3.64882e-05
0.00280264
-3.64895e-05
-3.64794e-05
-0.00212063
-0.000186331
-3.64697e-05
-3.64827e-05
-0.000186957
-0.000179418
-0.00012363
1.56565e-05
3.77299e-05
-0.00615035
-0.000238475
6.77273e-06
-0.000186465
0.000621668
0.000611691
-6.54881e-05
-0.001047
-0.00595308
-0.000232723
-0.000222113
-0.000717521
-6.57146e-05
0.0020396
-6.57248e-05
-6.56477e-05
-0.00100969
-0.000232512
-6.55729e-05
-6.56727e-05
-0.00023295
-0.00023655
-0.000222215
9.25595e-06
0.0001345
-0.000674565
-0.000161568
0.000113271
-0.000232606
0.00161653
-0.00012551
0.000267189
0.00901798
-9.15074e-05
-0.000657548
-8.91206e-05
-0.000606271
0.000266327
-0.00508985
0.000266288
0.000266581
0.00155957
-0.000656984
0.000266866
0.000266486
-0.000658152
-4.12692e-05
-9.07712e-05
-7.30538e-05
0.000530217
0.00643472
0.000321659
0.000506633
-0.000657236
0.00142866
-0.00125956
0.000266916
0.00160341
-0.000882675
-0.000348922
4.87086e-05
-0.000563084
0.000266401
-0.000333456
0.000266378
0.000266553
-0.00158752
-0.000348507
0.000266723
0.000266496
-0.000349366
-4.92291e-05
4.79076e-05
-3.91376e-05
0.000224911
-0.00375207
-0.000312556
0.000204017
-0.000348692
0.00180594
-0.000233677
-1.29059e-05
-0.00274153
0.00123263
0.000147207
0.000250966
0.000867074
-1.29952e-05
6.58131e-05
-1.29993e-05
-1.29688e-05
-0.0003561
0.000147355
-1.29393e-05
-1.29787e-05
0.000147049
-2.47324e-05
0.000250689
-9.93757e-05
-7.6534e-05
-0.00144653
-0.000325737
-6.35873e-05
0.000147289
-0.00144231
8.1949e-05
0.000489245
-0.00457379
0.0104061
-0.000360598
0.000420318
0.00314712
0.00048864
-0.00525155
0.000488613
0.000488818
-0.00104406
-0.000360066
0.000489018
0.000488752
-0.000361168
0.000301086
0.00041896
-0.000224507
0.000440421
0.000238194
-0.000694031
0.000461723
-0.000360303
-0.0032778
-0.000100122
0.000364093
-0.00744785
0.00274073
-0.000263244
0.000210698
0.00148443
0.000363687
-0.00133932
0.000363669
0.000363807
-0.00219856
-0.000262903
0.000363941
0.000363762
-0.00026361
7.06356e-05
0.00020993
-0.000133101
0.000285534
-0.00443108
-0.000806438
0.000290829
-0.000263055
-0.00109819
0.000342416
-0.000134632
0.00236302
0.00146637
-2.37601e-06
-5.71534e-05
2.80922e-06
-0.000134585
-0.00123757
-0.000134583
-0.000134599
-0.000142014
-2.15749e-06
-0.000134615
-0.000134594
-2.60972e-06
2.08428e-05
-5.71175e-05
-3.02918e-05
-2.26157e-05
0.000954107
-3.29581e-05
-2.66281e-05
-2.25495e-06
-0.000187085
-0.000160163
0.000152706
-0.00214309
-0.00178399
-0.000194371
-9.58103e-06
0.000222454
0.000152469
0.00022418
0.000152458
0.000152539
-0.000893671
-0.000194126
0.000152617
0.000152513
-0.000194632
-8.63565e-05
-1.00515e-05
-5.78041e-05
0.000202323
-0.00156095
-0.000357719
0.000198703
-0.000194235
0.000204116
-2.51783e-05
0.000254983
-0.00210976
0.00536103
-6.28951e-05
0.000291494
0.00121783
0.00025465
-0.00229512
0.000254634
0.000254748
-0.00014734
-6.2714e-05
0.000254858
0.000254711
-6.30889e-05
0.000121501
0.00029086
-0.00010313
0.000112085
-0.000690619
-0.000284457
0.00012466
-6.27948e-05
-0.0017402
7.55683e-06
0.000297287
-0.00473912
-0.000694443
-7.03342e-05
0.000242328
0.000612152
0.000296904
-7.50169e-05
0.000296886
0.000297017
-0.000948263
-7.01989e-05
0.000297143
0.000296974
-7.04795e-05
2.57496e-06
0.000241473
-6.42184e-05
9.55964e-05
-0.0019645
-0.000361742
9.67476e-05
-7.02592e-05
-0.000932986
0.00019124
-6.29681e-05
-0.003024
0.00287426
-3.73141e-05
-5.33777e-05
0.000661228
-6.2879e-05
-0.0012716
-6.28749e-05
-6.29052e-05
-0.00106377
-3.71311e-05
-6.29346e-05
-6.28954e-05
-3.75103e-05
7.94722e-05
-5.32776e-05
-5.65606e-05
5.26854e-05
-0.00115813
-0.000330457
5.40863e-05
-3.72127e-05
-0.00041159
7.88645e-05
-3.17113e-05
-0.00500718
0.00521778
7.43661e-05
8.62867e-05
0.00153757
-3.17387e-05
-0.00218324
-3.17399e-05
-3.17306e-05
-0.000627101
7.45163e-05
-3.17216e-05
-3.17336e-05
7.42048e-05
0.000128653
8.61617e-05
-0.000114674
2.13634e-05
-0.00149585
-0.000477387
4.11065e-05
7.44494e-05
-0.00139376
0.000147343
7.38441e-05
0.000553611
-0.00329813
-0.000164077
1.89744e-05
-0.00036933
7.36994e-05
0.00165926
7.36929e-05
7.37421e-05
0.000255548
-0.00016394
7.37898e-05
7.37261e-05
-0.000164223
-0.000165443
1.87302e-05
1.39098e-05
0.000133194
0.00140076
0.000182609
0.000125575
-0.000164001
0.000175784
-0.000164137
0.000117881
-0.00162094
-0.000372274
0.000245698
0.000421974
0.000419119
0.00011764
-0.00132476
0.000117629
0.000117711
0.000242612
0.00024577
0.00011779
0.000117684
0.00024562
-8.60052e-06
0.000421423
-6.101e-05
-0.000188875
0.00149551
-0.000138655
-0.000180329
0.000245738
-0.00100346
-0.00013208
-0.00012705
-0.0100638
-0.00499548
-0.000180951
-0.000367723
0.00109199
-0.000127176
0.00263116
-0.000127182
-0.000127139
-0.0033034
-0.000180617
-0.000127097
-0.000127153
-0.00018131
-0.00018894
-0.000367905
-0.000105681
0.00024414
-0.00643901
-0.00104633
0.000246193
-0.000180766
-3.86701e-05
0.000387894
-6.79961e-05
-0.00218584
-0.0163334
3.34538e-05
8.16057e-05
-0.00293491
-6.80923e-05
0.00775442
-6.80967e-05
-6.80639e-05
-0.000535165
3.37308e-05
-6.80321e-05
-6.80745e-05
3.31574e-05
-0.00063656
8.11978e-05
8.92494e-05
-0.000203981
-0.00408679
0.000398388
-0.00023992
3.36073e-05
0.00308424
-3.09341e-05
0.000656281
-0.00251537
0.000384772
-0.000150007
0.000818629
-0.000212718
0.000655392
-0.000458434
0.000655352
0.000655654
-0.000439186
-0.000149368
0.000655948
0.000655556
-0.000150689
-9.90276e-05
0.000816797
-7.94064e-05
-1.71272e-06
-0.00307051
-3.19457e-05
-1.24234e-05
-0.000149653
-0.000240974
0.000174423
0.000139545
-0.0069787
0.0147314
-5.66893e-05
0.000143594
0.00235335
0.000139206
-0.00673407
0.000139191
0.000139306
-0.00121643
-5.63984e-05
0.000139418
0.000139269
-5.70011e-05
0.000411012
0.000143057
-0.000208357
0.000151625
-0.00209054
-0.000892157
0.000173225
-5.65281e-05
-0.00157078
0.000168774
-3.80471e-05
-0.000984478
-0.00100951
-9.64058e-05
-0.000153757
0.000601828
-3.83173e-05
-5.00262e-05
-3.83295e-05
-3.82375e-05
-0.000461556
-9.63181e-05
-3.81483e-05
-3.82674e-05
-9.64997e-05
-3.62749e-05
-0.000154241
-5.69121e-05
0.000141919
0.000107264
-0.000324132
0.000143056
-9.63572e-05
-0.00114743
9.25347e-06
0.000108527
-0.00251062
0.00622236
-2.5594e-05
0.00017938
0.00126109
0.000108384
-0.00254037
0.000108377
0.000108426
-0.000524672
-2.54e-05
0.000108474
0.00010841
-2.58018e-05
0.000170041
0.000179051
-0.000105631
7.15615e-05
-0.00131332
-0.000348285
8.29314e-05
-2.54865e-05
-0.00159548
9.27925e-05
4.61117e-05
-0.00572665
-0.00603222
-0.000110193
-3.96137e-05
0.000835767
4.59326e-05
0.00392178
4.59245e-05
4.59854e-05
-0.00118481
-0.000110005
4.60445e-05
4.59657e-05
-0.000110395
-0.000241147
-4.00255e-05
-6.57416e-05
0.000168022
-0.00376792
-0.00045098
0.000174753
-0.000110089
-0.000796908
0.000146645
-2.46517e-06
-0.011981
0.00373577
3.94419e-05
0.000113371
0.00214077
-2.50842e-06
-0.000123941
-2.51039e-06
-2.49564e-06
-0.00274727
3.97047e-05
-2.48136e-06
-2.50042e-06
3.91597e-05
8.43997e-05
0.000113157
-0.000173643
7.96808e-05
-0.00751909
-0.0010723
0.000101181
3.95876e-05
-0.00190733
0.000689924
0.000166487
-0.00392477
0.00356592
6.04922e-05
0.000266228
0.00141592
0.000166347
-0.00213849
0.00016634
0.000166388
-0.000510189
6.05721e-05
0.000166434
0.000166373
6.04062e-05
0.00011901
0.000265772
-0.000100641
3.95212e-05
0.00027464
-0.000390785
5.56866e-05
6.05365e-05
-0.00194591
3.95675e-05
5.29757e-05
-0.0037178
-0.0021076
-2.6795e-05
0.000178109
4.85643e-05
5.29097e-05
0.00174687
5.29067e-05
5.29292e-05
-0.00120586
-2.64598e-05
5.2951e-05
5.29219e-05
-2.7154e-05
-0.000153722
0.000177914
-7.3788e-05
1.51606e-05
-0.00372531
-0.000359529
1.05483e-05
-2.66092e-05
-0.000714875
0.000151421
0.000235973
-0.00855846
-0.013467
-0.000370284
7.43814e-05
-0.00061198
0.000235402
0.0113097
0.000235376
0.00023557
-0.00330175
-0.00036967
0.000235759
0.000235507
-0.000370942
-0.000649089
7.29763e-05
-3.92216e-05
0.000225029
-0.0110129
-0.000425547
0.000196625
-0.000369944
-0.000130897
0.000556173
0.000264777
-0.00377847
0.000853956
0.000122515
0.00044679
0.000406901
0.000264392
-0.000528941
0.000264375
0.000264506
-0.00138137
0.000122705
0.000264633
0.000264464
0.000122311
9.54013e-06
0.000445951
-7.98779e-05
-0.00010104
-0.00310664
-0.000416233
-9.78895e-05
0.00012262
-0.000691637
0.000270551
-0.000109722
-0.00711534
-0.00354163
2.20761e-05
-3.78684e-05
-0.00027381
-0.000109681
0.00250997
-0.00010968
-0.000109693
-0.00190358
2.23448e-05
-0.000109707
-0.000109689
2.17881e-05
-0.000148656
-3.78789e-05
-1.68278e-05
-6.80049e-05
-0.00554047
-0.000300811
-7.55974e-05
2.2225e-05
0.000669753
0.000532248
0.000160717
-0.000687833
-0.000145323
-0.000162695
0.000208487
-0.00015137
0.000160444
-0.000378513
0.000160432
0.000160525
0.000260767
-0.000162401
0.000160615
0.000160494
-0.00016301
-5.71147e-05
0.000207926
-2.1897e-05
0.000107786
0.000721294
0.000234804
0.000100801
-0.000162532
-0.000929957
-2.29783e-05
0.000556416
-0.0110592
-0.00713747
-0.000503143
0.000156875
0.000898169
0.000555289
0.00405638
0.000555238
0.000555621
-0.00481093
-0.000502335
0.000555994
0.000555497
-0.000504009
-0.000415125
0.000154626
-0.000197189
0.000459157
-0.0125072
-0.00141005
0.00044953
-0.000502695
0.00164669
0.000253236
-0.000162452
0.0115945
-0.0179065
-0.000638392
2.15503e-05
-0.00765594
-0.000163981
0.00529942
-0.00016405
-0.00016353
0.00112297
-0.000636867
-0.000163025
-0.000163699
-0.000640022
-0.00107133
1.85662e-05
3.53903e-05
3.09877e-05
-0.00358445
0.00143575
-7.35196e-05
-0.000637547
0.00972594
-0.00101278
-0.000329597
0.00642974
0.00363136
-7.05399e-05
-0.000166405
0.000376245
-0.00032973
-0.00270221
-0.000329736
-0.000329691
0.000778168
-7.01656e-05
-0.000329647
-0.000329705
-7.09403e-05
3.5429e-05
-0.000166696
-0.000104809
6.24282e-05
0.00329609
1.77497e-06
6.10581e-05
-7.03326e-05
-0.00100592
-0.000517581
-0.0002158
-0.0051815
0.00205281
-4.45613e-05
-0.000255925
0.00126119
-0.00021581
-0.000221905
-0.00021581
-0.000215807
-0.00135901
-4.43663e-05
-0.000215803
-0.000215808
-4.47704e-05
2.94164e-05
-0.000255915
-0.000113256
0.000125986
-0.00388148
-0.000655211
0.000137657
-4.44532e-05
-0.00119452
0.000246363
-0.000188782
-0.0027288
-0.0182905
-0.000288762
-0.000457065
-0.00302193
-0.000188694
0.0100537
-0.000188691
-0.00018872
-0.00329437
-0.000288419
-0.000188749
-0.000188711
-0.000289128
-0.000620888
-0.000456664
0.000128638
1.81447e-05
-0.00901576
-0.000125274
-3.99975e-05
-0.000288572
0.00411686
0.000265279
0.000498295
-0.0130037
-0.00309429
-0.000184839
0.000411047
0.00202067
0.000497704
0.00366123
0.000497678
0.000497879
-0.0031524
-0.000184514
0.000498074
0.000497814
-0.000185188
-0.000215742
0.000409537
-0.000208711
0.000292529
-0.0102478
-0.00126569
0.000311417
-0.000184659
-0.00192213
0.000741405
-0.000138834
-0.00252498
-2.4392e-05
-7.41367e-05
-0.00020411
0.000699954
-0.000138895
-0.00022382
-0.000138898
-0.000138877
-0.00073549
-7.40397e-05
-0.000138857
-0.000138884
-7.42409e-05
2.56022e-05
-0.00020426
-5.68226e-05
0.00011696
-0.00107634
-0.000309087
0.000120212
-7.4083e-05
-0.00141687
0.000177878
0.000394083
-0.00785046
0.00234747
-0.000329905
0.000347608
0.00227126
0.000393556
-0.00167488
0.000393532
0.000393711
-0.000286121
-0.000329392
0.000393885
0.000393653
-0.000330455
6.31648e-05
0.000346455
-0.000160973
0.000400285
-0.00126787
-0.000471932
0.000420447
-0.000329621
-0.00299075
1.01017e-05
5.17226e-05
-0.011609
0.0195027
-0.000264233
-0.000130657
0.00477798
5.16427e-05
-0.00984822
5.16391e-05
5.16663e-05
-0.00185581
-0.000263781
5.16927e-05
5.16574e-05
-0.000264717
0.000605295
-0.000130902
-0.000322958
0.00049507
-0.00258349
-0.00144305
0.000543563
-0.000263982
-0.00301774
0.000157786
0.000359235
-0.00171995
0.00323562
-0.000126764
0.000325539
0.00144168
0.000358778
-0.00183289
0.000358758
0.000358913
9.97774e-05
-0.000126617
0.000359064
0.000358863
-0.000126922
7.44414e-05
0.000324546
-9.55607e-05
0.000199352
0.00133592
-0.000212181
0.000214456
-0.000126682
-0.00162777
-0.000139146
-2.7109e-05
-0.00503276
-0.00209172
0.000113593
0.000123343
0.000806326
-2.71674e-05
0.00180808
-2.71701e-05
-2.71501e-05
-0.00114403
0.000113729
-2.71308e-05
-2.71566e-05
0.000113447
-9.11714e-05
0.000123046
-7.99225e-05
-4.42054e-05
-0.00320547
-0.000458496
-3.66034e-05
0.000113668
-0.00159567
0.000255409
-2.68553e-05
-0.00112263
0.00212391
-0.000110059
-6.19874e-05
0.00029402
-2.68739e-05
-0.00131761
-2.68747e-05
-2.68684e-05
-0.000500326
-0.000109881
-2.68623e-05
-2.68704e-05
-0.000110251
7.42799e-05
-6.20089e-05
-2.54944e-05
9.41536e-05
0.000101212
-8.97867e-05
9.14233e-05
-0.00010996
-0.000110397
2.84014e-05
3.79754e-05
-0.000633623
-0.000438489
-8.28967e-05
8.59085e-05
0.000369946
3.78306e-05
-0.000397999
3.78241e-05
3.78733e-05
0.000109676
-8.26384e-05
3.79211e-05
3.78574e-05
-8.31732e-05
-1.86081e-05
8.56766e-05
-2.48628e-05
7.2964e-05
0.00190694
6.30478e-05
7.20176e-05
-8.27536e-05
-0.000813445
-9.82066e-05
-1.04643e-05
0.000811611
0.00559109
-5.49438e-05
-2.69187e-05
0.00136178
-1.04452e-05
-0.00262853
-1.04443e-05
-1.04508e-05
0.000307824
-5.49157e-05
-1.04571e-05
-1.04487e-05
-5.4974e-05
0.000150498
-2.69314e-05
-0.000105966
0.000157755
0.00143605
-0.000317359
0.000173138
-5.49282e-05
-0.00155754
-0.000291162
0.000211054
-0.00337546
-0.0020812
-0.000225202
6.25232e-05
0.000331245
0.000210644
0.000366803
0.000210625
0.000210765
-0.000408716
-0.000224913
0.000210901
0.00021072
-0.000225512
-0.000110529
6.17789e-05
-4.3291e-05
0.000227466
-0.000544032
-0.000131158
0.000227615
-0.000225042
-0.000500863
7.16003e-05
8.95496e-05
0.00172053
0.00478184
-5.82503e-05
0.000276387
0.000503831
8.89976e-05
-0.00263699
8.89726e-05
8.91604e-05
0.000184462
-5.78394e-05
8.93427e-05
8.90995e-05
-5.86899e-05
3.61363e-05
0.00027524
-0.000128134
3.50807e-05
0.000279066
-8.62705e-05
3.56722e-05
-5.80227e-05
-0.00103102
-0.000257936
8.42966e-05
-0.000506363
0.00584233
-8.45957e-05
0.000101173
0.00104495
8.41782e-05
-0.00431226
8.41728e-05
8.42131e-05
0.000665572
-8.43879e-05
8.42522e-05
8.42001e-05
-8.48181e-05
0.000182152
0.000100932
-7.9886e-05
0.000140012
0.0027346
-3.71064e-05
0.000152205
-8.44806e-05
-0.0012242
-0.000294371
-9.81071e-05
-0.00642072
0.00429595
0.000209237
0.000120334
0.00180154
-9.81857e-05
-0.00141712
-9.81893e-05
-9.81625e-05
-0.00106154
0.000209295
-9.81366e-05
-9.81712e-05
0.000209173
0.000110211
0.000120231
-0.000141958
-6.40535e-05
-0.00307873
-0.000744899
-4.06009e-05
0.000209269
-0.00229279
0.000233317
1.57006e-05
-0.000642843
0.0033411
-8.50746e-05
9.18227e-06
0.000836838
1.56479e-05
-0.00129698
1.56455e-05
1.56634e-05
3.74992e-05
-8.49297e-05
1.56808e-05
1.56576e-05
-8.523e-05
8.08976e-05
9.03874e-06
-5.21514e-05
0.000114554
0.000941199
-0.000105834
0.00012093
-8.49943e-05
-0.000859515
-7.80379e-05
-7.6138e-06
0.00157424
-0.000751369
9.03788e-05
0.000115463
-0.000412811
-7.62914e-06
0.000380663
-7.62984e-06
-7.6246e-06
0.000175627
9.04004e-05
-7.61953e-06
-7.6263e-06
9.03558e-05
-4.22558e-05
0.000115432
1.30264e-05
-0.000117963
0.000413814
0.000112796
-0.000122395
9.03907e-05
0.000186976
-6.33409e-05
0.000115247
-0.005153
-0.0018431
-3.30033e-05
8.88653e-05
0.000827309
0.000115087
0.0012766
0.00011508
0.000115134
-0.00078402
-3.29131e-05
0.000115187
0.000115116
-3.31002e-05
-8.2528e-05
8.85066e-05
-6.38689e-05
0.000105596
-0.0019745
-0.000398795
0.000114132
-3.29533e-05
-0.00112169
0.000173518
-3.20591e-05
-0.00319609
0.0045198
-6.30895e-05
-3.96892e-05
0.00124949
-3.20754e-05
-0.0025884
-3.20761e-05
-3.20705e-05
-2.414e-05
-6.29612e-05
-3.20652e-05
-3.20723e-05
-6.32271e-05
0.000155394
-3.97543e-05
-8.54011e-05
0.00014297
0.000564416
-0.00027833
0.000155938
-6.30184e-05
-0.00175679
5.97045e-05
0.000198998
-0.00618712
-0.0054222
-6.16221e-05
0.000176904
0.000371278
0.000198732
0.00403878
0.00019872
0.000198811
-0.00171364
-6.14944e-05
0.000198899
0.000198781
-6.17594e-05
-0.000207431
0.000176263
-4.34332e-05
7.17174e-05
-0.00514321
-0.000446087
7.04896e-05
-6.15513e-05
-0.000538483
0.00034815
-0.000193267
-0.00416345
-0.00573421
2.95951e-05
-0.000236682
0.000375541
-0.000193255
0.0029323
-0.000193254
-0.000193259
-0.00109293
2.96507e-05
-0.000193263
-0.000193257
2.95352e-05
-0.000183045
-0.00023663
-2.6476e-05
3.0598e-05
-0.00253157
-0.000409396
3.37481e-05
2.96259e-05
0.000108976
7.78007e-05
0.000200243
-0.00569529
-0.00108862
-0.000164675
0.000122964
0.000430688
0.000199873
0.00114554
0.000199856
0.000199982
-0.00134221
-0.000164299
0.000200104
0.000199941
-0.000165078
-0.000139009
0.000122278
-5.42696e-05
0.000137958
-0.00333652
-0.000304098
0.000138248
-0.000164467
0.000628889
0.000127406
0.000141636
-0.00587798
0.000685782
8.36133e-05
0.000326716
0.00147326
0.00014106
-0.00121375
0.000141034
0.00014123
-0.00107546
8.38397e-05
0.00014142
0.000141166
8.33704e-05
1.88354e-05
0.000325549
-0.000154421
1.3961e-05
-0.00296388
-0.000702225
3.0501e-05
8.37388e-05
-0.00176546
0.000171567
-9.47904e-06
-0.0101324
0.00614138
-0.00105826
-0.000584057
0.000757602
-9.80096e-06
-0.00699549
-9.81555e-06
-9.7059e-06
-0.00431426
-0.00105676
-9.59962e-06
-9.74146e-06
-0.00105987
0.000147757
-0.000584283
-0.00022889
0.000747842
-0.00928986
-0.0011061
0.000715913
-0.00105743
0.00310228
0.000375405
0.00239623
-0.00706254
-0.000502811
-0.000605385
0.00231207
0.000514402
0.00239319
-0.00399235
0.00239305
0.00239409
-0.00045692
-0.000604468
0.00239509
0.00239375
-0.000606365
-0.000107338
0.00230605
-0.000171474
0.000426202
-0.00337978
9.70362e-05
0.000425698
-0.000604877
-0.00202696
0.000156973
0.000447876
0.000113469
0.000809874
-0.000428155
0.000282291
0.00125234
0.000447019
-0.000372506
0.00044698
0.000447272
-0.000629426
-0.00042745
0.000447554
0.000447177
-0.000428911
-8.79509e-05
0.000280216
-0.00016418
0.000409693
-0.000253957
-0.000406768
0.000407614
-0.000427764
-0.00144745
-0.000314396
-0.000351244
-0.00524387
-0.00502504
0.000280671
0.000387825
0.000844361
-0.000352736
-0.00472829
-0.000352803
-0.000352295
0.00086886
0.000281721
-0.000351803
-0.00035246
0.000279547
-0.000278946
0.000385079
-0.000333145
-0.000148895
0.000777987
-0.000630964
-0.00013134
0.000281253
-0.00225239
-0.00054034
-4.44794e-05
-0.00187222
0.00658976
0.000191865
0.000405725
0.000953987
-4.44794e-05
-0.00465358
-4.44794e-05
-4.44794e-05
0.000483507
0.000192185
-4.44794e-05
-4.44794e-05
0.000191522
0.000150658
0.000405489
-0.00012288
-0.000133092
0.00152567
-6.21244e-05
-0.000117092
0.000192042
-0.00152124
-0.000122803
-2.10357e-05
0.000121191
0.00218365
0.000104443
0.000107791
0.000789625
-2.10981e-05
-0.00160472
-2.11009e-05
-2.10797e-05
0.000419117
0.000104474
-2.10591e-05
-2.10866e-05
0.00010441
6.0693e-05
0.000107636
-4.83725e-05
-4.09393e-05
0.00203956
-7.03634e-05
-2.93761e-05
0.000104461
-0.00122542
-0.000167053
-1.46902e-05
-0.00196252
-0.000807053
8.27082e-05
9.11197e-05
0.000102321
-1.47065e-05
0.000267221
-1.47072e-05
-1.47017e-05
-0.000213129
8.27704e-05
-1.46963e-05
-1.47035e-05
8.26415e-05
-1.89554e-05
9.10657e-05
-1.93934e-05
-6.70494e-05
-0.000628901
-9.53108e-05
-6.53996e-05
8.27427e-05
-0.00041341
9.24496e-05
4.42556e-05
-0.00110787
-0.000745872
-4.72872e-05
5.00944e-05
0.000152974
4.41706e-05
0.000600608
4.41668e-05
4.41957e-05
-0.00031108
-4.71658e-05
4.42238e-05
4.41863e-05
-4.74174e-05
-3.03217e-05
4.98907e-05
-1.07262e-05
4.16196e-05
-0.000166921
-2.5441e-05
3.99054e-05
-4.72199e-05
-0.000425189
3.95024e-05
-1.93208e-05
-0.00202668
0.00178165
-3.63802e-05
-2.73055e-05
0.000810997
-1.93324e-05
-0.000995751
-1.9333e-05
-1.9329e-05
-0.000130687
-3.63045e-05
-1.93251e-05
-1.93303e-05
-3.64614e-05
5.63363e-05
-2.73614e-05
-4.99757e-05
9.22933e-05
0.000396845
-0.000177732
0.000101077
-3.63382e-05
-0.000988853
2.44261e-06
0.000227675
0.000924299
0.0034894
-0.000459073
-1.38386e-05
0.00126132
0.000227272
-0.00191971
0.000227254
0.000227391
0.000222108
-0.000458546
0.000227524
0.000227347
-0.000459636
-1.39077e-05
-1.46443e-05
-0.000114926
0.000406774
0.000964501
-0.00016983
0.000411489
-0.000458781
0.000157641
-0.000498994
0.000665817
-0.0117799
0.000687441
-0.000287901
0.00064776
0.00301602
0.000664836
0.00186932
0.000664792
0.000665126
-0.00158837
-0.000287344
0.000665449
0.000665017
-0.000288497
-9.49027e-05
0.000645885
-0.000212547
0.000382373
-0.00458255
-0.000850721
0.00040286
-0.000287592
-0.00423473
0.000325512
3.86533e-05
-7.21398e-05
-1.60719e-05
-3.18023e-05
3.12915e-05
0.000302498
3.86082e-05
0.000477654
3.86062e-05
3.86215e-05
-9.02763e-05
-3.17623e-05
3.86364e-05
3.86165e-05
-3.1845e-05
-2.75124e-05
3.11669e-05
-2.30694e-05
4.4879e-05
-0.000282863
-6.12573e-05
4.79723e-05
-3.17802e-05
-0.000333979
-3.40463e-05
0.000431064
-0.00544287
-0.000376006
-0.000205308
0.000249258
0.000391514
0.000430591
0.000502945
0.000430569
0.00043073
-0.00129528
-0.000205018
0.000430887
0.000430678
-0.000205618
-5.71013e-05
0.000248319
-3.93807e-05
0.000171552
-0.00312423
-0.00028702
0.000167241
-0.000205147
-9.42988e-05
0.000174629
0.00013776
-0.00455201
0.00647044
7.19031e-05
0.000285729
0.00162985
0.000137621
-0.00397301
0.000137615
0.000137662
-0.000408707
7.20796e-05
0.000137708
0.000137647
7.17138e-05
0.000223384
0.000285397
-0.000131583
2.35259e-05
-0.000734635
-0.000465347
4.32688e-05
7.20009e-05
-0.00209611
9.23435e-05
1.30368e-05
-0.00288339
0.00234124
-5.42934e-05
1.30022e-05
0.000657831
1.30111e-05
-0.00070165
1.30099e-05
1.30187e-05
-0.000471574
-5.41832e-05
1.30272e-05
1.30159e-05
-5.44116e-05
6.22722e-05
1.29022e-05
-5.30234e-05
8.18133e-05
-0.00103712
-0.000204727
8.62024e-05
-5.42323e-05
-0.00103803
0.000161513
8.35579e-05
0.00143705
0.00227114
-1.83665e-05
0.000123594
0.000372472
8.34597e-05
-0.00175755
8.34553e-05
8.34887e-05
0.000577817
-1.82838e-05
8.35211e-05
8.34778e-05
-1.8455e-05
7.32495e-05
0.000123365
-2.26947e-05
3.48657e-05
0.00262586
9.28665e-05
3.85177e-05
-1.83207e-05
-0.000681809
-0.000224524
-8.51338e-05
-0.000582425
-0.00267561
-8.89686e-05
-0.00014774
-0.000637609
-8.51808e-05
0.00146755
-8.51829e-05
-8.5167e-05
-0.000465614
-8.88249e-05
-8.51514e-05
-8.51721e-05
-8.91225e-05
-0.000107604
-0.000147729
2.17313e-05
2.19602e-05
-0.00182314
3.70724e-05
1.06658e-05
-8.8889e-05
0.00116619
0.000111208
7.86544e-05
-0.00573478
-0.0010175
-9.92124e-05
3.8546e-05
0.000940631
7.83631e-05
0.000433705
7.83499e-05
7.8449e-05
-0.000970709
-9.89994e-05
7.85452e-05
7.84169e-05
-9.94408e-05
-1.35883e-05
3.79091e-05
-9.86632e-05
0.000159126
-0.00356192
-0.000550257
0.000165156
-9.90944e-05
-0.00188412
0.000245669
0.000576241
-0.0013284
0.00461922
6.58364e-05
0.000701624
0.000528957
0.000575622
-0.001329
0.000575594
0.000575805
-0.000918645
6.60311e-05
0.000576009
0.000575736
6.56278e-05
9.72645e-05
0.000700321
-6.43728e-05
-0.000104367
-0.00243898
-0.000239574
-0.00010466
6.59443e-05
-0.000802009
2.99753e-05
-0.000148589
-0.000692887
-0.00328447
0.00023677
9.87314e-05
-0.000804617
-0.000148486
0.00108587
-0.000148482
-0.000148517
-0.000515138
0.000236811
-0.000148551
-0.000148505
0.000236727
-0.000116163
9.89765e-05
1.83927e-05
-0.000253981
-0.00103428
-6.59368e-06
-0.000260358
0.000236793
0.000656074
5.96971e-05
0.470491
-0.0733035
-0.149882
-0.15418
-0.093125
-0.202496
0.815331
-0.669843
-0.24268
0.299688
-0.260145
0.355856
0.554213
-0.441936
-0.207988
-0.0957977
-0.147205
-0.0859919
-0.112841
0.441835
0.368385
-0.225825
-0.231481
-0.260906
0.349828
0.109702
-0.144014
0.187468
0.0570052
-0.210162
0.470496
-0.073303
-0.149877
-0.154192
-0.0931234
0.148741
-0.242259
-0.199081
0.394422
-0.101823
0.470496
-0.0733029
-0.149877
-0.154193
-0.0931234
0.470494
-0.0733031
-0.149879
-0.154189
-0.0931239
-0.121164
0.0702172
-0.0971798
-0.117035
0.265162
-0.0958159
-0.147224
-0.085973
-0.112827
0.44184
0.470493
-0.0733033
-0.14988
-0.154185
-0.0931244
0.470495
-0.0733031
-0.149878
-0.15419
-0.0931237
-0.0957781
-0.147184
-0.0860122
-0.112856
0.44183
-0.00263713
0.0133847
0.0169553
-0.0201626
-0.0075402
0.368399
-0.225817
-0.23148
-0.260927
0.349826
-0.00572566
0.0136777
-0.00758197
0.00921666
-0.00958672
0.0450834
0.0469828
0.149077
0.161908
-0.403052
-0.170406
0.687445
-0.103713
-0.265888
-0.147439
-0.00575331
0.0894236
-0.0657082
-0.00988553
-0.0080766
0.0432029
0.0447871
0.149795
0.161348
-0.399133
-0.0958078
-0.147216
-0.0859814
-0.112833
0.441838
-0.342174
0.273742
-0.0663423
0.412381
-0.277607
0.00194627
-0.0773174
0.0447951
0.0200265
0.0105495
0.0180639
0.0399096
-0.0400527
-0.0381285
0.000356308
0.0726739
0.0414631
-0.0248357
0.042522
0.0345606
0.042582
-0.0558816
0.026836
0.0371434
-0.0191247
0.0166041
0.0488557
-0.0376606
-0.0241072
-0.0121496
-0.0541702
-0.0415316
-0.0479656
0.0286882
-0.0258108
-0.759765
-0.318306
0.531174
0.674905
-0.128009
