CLASSIFICATION
3
270
25
5
sigmoid
softmax
2.85442e-05
-4.03172e-06
0.000444806
-0.000330531
-0.000940311
-0.000140351
-2.70296e-06
-0.000461523
-6.69481e-05
2.01119e-05
-2.03775e-05
-2.03758e-05
-0.000700517
8.83375e-07
-4.72727e-06
8.78333e-07
-0.000825533
9.17719e-07
8.80537e-07
-4.06439e-06
-0.00107868
-4.52301e-05
-4.40948e-09
-5.84642e-05
8.94959e-07
0.000110934
-4.10927e-05
0.000113934
0.000676908
0.000231725
-8.58507e-05
4.40928e-05
-0.00104928
0.000292576
1.78653e-05
-1.70204e-05
-1.70167e-05
2.17097e-05
1.67118e-05
-4.04017e-05
1.67023e-05
-0.000209386
1.6777e-05
1.67064e-05
-4.11132e-05
2.52336e-06
0.000760186
-0.00122483
-7.98605e-05
1.67338e-05
0.00200861
-0.00338735
0.0429682
-0.0730975
-0.066953
-0.0160563
0.00326088
-0.0412635
-0.00504899
-0.00493815
0.00384092
0.00384114
-0.0532265
-0.00224489
-0.00341486
-0.00224654
-0.0812498
-0.00223361
-0.00224582
-0.00338969
-0.0937456
-0.0834461
0.0744403
-0.0135563
-0.00224109
1.63579e-05
-1.40597e-05
-8.70845e-05
0.000431778
0.000270677
-8.7278e-06
1.42198e-05
-0.000485745
7.42039e-05
3.04074e-06
-2.01758e-06
-2.01661e-06
-2.66409e-06
2.51905e-06
-1.38975e-05
2.51576e-06
0.000123059
2.5414e-06
2.5172e-06
-1.40608e-05
0.000240101
0.000467419
-0.000820858
-2.86168e-05
2.5266e-06
0.000766467
-2.52477e-05
0.00125295
0.00334723
-0.000943003
-0.000540934
3.47978e-05
-0.00389102
0.00128107
1.98486e-05
-2.64646e-06
-2.64618e-06
-0.000989735
1.24805e-05
-2.68301e-05
1.24651e-05
-0.00183765
1.25856e-05
1.24718e-05
-2.53151e-05
-0.00157884
0.00340728
-0.00158705
-0.000400489
1.2516e-05
0.000725427
-0.000881727
0.00376205
0.00612328
0.00147434
-0.00274709
0.000965523
-0.0119221
0.0089283
0.000885734
-0.00093003
-0.000929861
-0.00225308
0.00167845
-0.000880079
0.00167776
-0.00621482
0.00168315
0.00167806
-0.000882155
-0.00141777
0.00259085
-0.00445069
-0.00192163
0.00168003
0.000216105
3.42904e-05
0.00070829
-0.000362533
-0.000851375
-0.00032285
-2.85388e-05
-0.00123999
0.000296482
1.67141e-05
-1.77672e-05
-1.77673e-05
-0.000662914
-8.03938e-06
3.31747e-05
-8.03562e-06
-0.00145534
-8.06519e-06
-8.03726e-06
3.42683e-05
-0.00132272
-0.000462806
0.000529044
-0.000195698
-8.04804e-06
0.00178826
-0.000269932
0.00595454
0.00428327
-0.00838751
-0.00223567
0.000258949
-0.00975356
0.003162
0.000310577
-0.000291159
-0.000291095
-0.00710434
0.000485721
-0.000280368
0.000485434
-0.00883787
0.000487675
0.000485559
-0.00027037
-0.00849751
0.00478703
-0.00270753
-0.00143549
0.000486379
0.000282149
-4.11582e-06
0.000807075
-9.41238e-05
-0.000800008
-0.000373645
1.22694e-05
-0.00156152
0.000485568
-6.30441e-06
5.37724e-06
5.37749e-06
-0.000646183
-1.91446e-06
-5.03856e-06
-1.91349e-06
-0.00157614
-1.92123e-06
-1.91391e-06
-4.14734e-06
-0.00131694
-0.000120411
5.98621e-06
-0.00023524
-1.91672e-06
0.000117708
-3.43087e-06
0.000234741
8.69901e-05
-0.000155922
-0.00012276
7.68805e-06
-0.000553595
0.00024955
2.93362e-06
-2.47656e-06
-2.47575e-06
-0.000147141
2.28434e-06
-3.76124e-06
2.28291e-06
-0.000417975
2.29407e-06
2.28353e-06
-3.44368e-06
-0.000231276
8.36539e-05
-0.00023548
-8.53756e-05
2.28762e-06
0.00025701
-6.93068e-06
0.000590052
0.000427219
-0.000538648
-0.000258273
1.24345e-05
-0.00131043
0.000433991
6.43972e-06
-4.5882e-06
-4.58726e-06
-0.000484641
5.60732e-06
-7.54019e-06
5.60402e-06
-0.00107824
5.62981e-06
5.60546e-06
-6.95791e-06
-0.000882517
0.000409443
-0.00015171
-0.00016232
5.61491e-06
0.00714997
6.1842e-05
0.010623
0.0441441
-0.00602465
-0.00380817
-2.8045e-05
-0.0430327
0.0110616
0.00084669
-0.000839648
-0.000839531
-0.0141532
0.000537047
6.10473e-05
0.000536329
-0.0149531
0.000541938
0.000536643
6.13356e-05
-0.0158927
0.0429082
-0.0227883
-0.00369861
0.000538695
0.012982
-0.000274874
0.0288217
0.0167409
-0.0322414
-0.0127402
0.00026855
-0.0591664
0.0200377
0.00194052
-0.001876
-0.00187544
-0.0401638
0.000514841
-0.000307424
0.000512518
-0.0462084
0.000530687
0.000513533
-0.000278489
-0.0501201
0.0237271
-0.0130761
-0.00907269
0.000520181
0.00977812
-0.000350528
0.0251959
0.0491026
-0.026879
-0.00796765
0.000338403
-0.0628237
0.0138681
0.00100154
-0.00109105
-0.00109086
-0.0343536
0.000730941
-0.000359054
0.000729793
-0.0364791
0.00073877
0.000730295
-0.000351789
-0.0406787
0.0465438
-0.0186514
-0.00709023
0.00073358
-0.000431851
-0.000209293
0.00186992
-0.00405308
-0.00378389
-0.000897746
0.000178981
-0.00232072
0.00036842
0.000229717
-0.000274131
-0.000274085
-0.00300449
0.000224664
-0.000211151
0.000224523
-0.00375898
0.000225627
0.000224585
-0.000209561
-0.00433331
-0.00430729
0.00380288
-0.000454969
0.000224989
-0.0316595
-0.00520646
-0.0183964
-0.142134
-0.0176337
-0.00160113
0.00406428
0.0878025
-0.0123493
0.0128204
-0.0137099
-0.0137075
-0.0202264
0.0093028
-0.00519162
0.00929469
0.036648
0.00935815
0.00929824
-0.00521528
0.000300418
-0.136196
0.102713
0.00273327
0.00932145
0.112708
-0.00411043
0.20544
0.154866
-0.222075
-0.0826003
0.00492161
-0.42092
0.15023
0.003041
0.000213181
0.000215247
-0.247956
-0.00160029
-0.0043212
-0.00160887
-0.345125
-0.00154181
-0.00160512
-0.00412702
-0.32272
0.204085
-0.147957
-0.0499992
-0.00158058
0.000376897
6.71369e-05
0.00260118
-0.00427823
-0.00454659
-0.00102639
-7.65637e-05
-0.0029044
0.000479066
0.000178609
-0.000186722
-0.000186709
-0.00303331
2.64627e-05
6.43607e-05
2.64638e-05
-0.00511215
2.64539e-05
2.64633e-05
6.70157e-05
-0.00553781
-0.00450445
0.00490434
-0.000613702
2.646e-05
0.00110253
-9.59758e-05
0.00242584
0.00251447
-0.00124686
-0.00123488
0.000107112
-0.00949203
0.00268613
0.000194774
-0.000184896
-0.000184874
-0.00209916
0.000166236
-9.733e-05
0.000166108
-0.004867
0.000167107
0.000166164
-9.61022e-05
-0.0042946
0.0028379
-0.00326123
-0.00101736
0.000166529
0.000264445
1.79991e-05
0.000659209
-7.03311e-05
-0.000575435
-0.000327218
-9.65881e-06
-0.00150734
0.000545205
4.68123e-05
-4.62893e-05
-4.62861e-05
-0.000555063
1.13954e-05
1.72936e-05
1.13859e-05
-0.00140851
1.14602e-05
1.13901e-05
1.79669e-05
-0.00119236
-0.000294431
0.000645651
-0.000200958
1.14173e-05
0.000327673
-2.90131e-05
0.00116466
-0.000353806
-0.00155016
-0.000492659
3.04272e-05
-0.00204468
0.00048936
1.52702e-05
-1.57119e-05
-1.5708e-05
-0.00115902
1.56388e-05
-3.04293e-05
1.56321e-05
-0.00214389
1.56839e-05
1.5635e-05
-2.90784e-05
-0.00215128
-5.77785e-05
-7.69773e-05
-0.000309282
1.56541e-05
0.000509733
6.32987e-05
0.00118279
0.000705834
-0.00132105
-0.000488174
-5.65093e-05
-0.00257492
0.000664551
8.36194e-05
-7.92415e-05
-7.9239e-05
-0.00117537
5.39552e-06
6.17887e-05
5.39479e-06
-0.00218395
5.40014e-06
5.39511e-06
6.32432e-05
-0.00210816
0.000911038
-0.000451169
-0.000315446
5.39715e-06
0.000252286
1.93933e-05
0.000554765
-2.70145e-05
-0.000567071
-0.000275212
-1.35768e-05
-0.00120749
0.000398355
3.81301e-05
-3.76461e-05
-3.76437e-05
-0.000463276
4.66604e-06
1.86401e-05
4.66679e-06
-0.00104549
4.66059e-06
4.66646e-06
1.93621e-05
-0.000914713
9.44917e-05
-0.000227522
-0.000191639
4.66427e-06
0.000363595
-2.41589e-06
0.00106046
-0.000100889
-0.00130124
-0.00046532
6.48366e-06
-0.0021912
0.000463113
2.22225e-05
-2.2048e-05
-2.20452e-05
-0.00111915
3.39272e-06
-3.52472e-06
3.39247e-06
-0.00208136
3.39396e-06
3.39258e-06
-2.46421e-06
-0.00210114
0.000104371
-0.000123059
-0.000290157
3.39322e-06
0.000290809
-1.01632e-05
0.000954915
-0.000280854
-0.00119035
-0.000425916
1.51775e-05
-0.00169414
0.000410229
-2.58494e-06
1.63703e-06
1.63827e-06
-0.000953031
-8.61672e-07
-1.13733e-05
-8.59351e-07
-0.00190706
-8.77899e-07
-8.60363e-07
-1.02041e-05
-0.0017833
-0.00022346
0.0002243
-0.000256167
-8.67062e-07
0.000441923
3.98698e-06
0.00160111
0.000323214
-0.00238141
-0.000632878
-7.58579e-06
-0.00302718
0.000428311
3.23024e-05
-3.05659e-05
-3.05627e-05
-0.0019876
-8.48758e-06
1.69262e-06
-8.49064e-06
-0.00295894
-8.46711e-06
-8.4893e-06
3.8981e-06
-0.00316288
0.000538904
0.00011485
-0.00036514
-8.4806e-06
0.000599546
0.00012962
0.00117116
0.00154189
-0.00121311
-0.000500221
-0.000123386
-0.00315303
0.000709775
0.000147926
-0.00013895
-0.000138948
-0.00118058
3.75135e-06
0.000127954
3.75281e-06
-0.00210246
3.7409e-06
3.75217e-06
0.000129565
-0.00211671
0.00176842
-0.000737006
-0.000340184
3.74792e-06
0.000901586
0.000165075
0.00212577
0.00286755
-0.00287733
-0.000730899
-0.000168041
-0.00442321
0.00137765
0.000502521
-0.000479788
-0.000479761
-0.00251313
0.000267219
0.00016191
0.000267132
-0.00312727
0.000267814
0.00026717
0.000164941
-0.00354161
0.00364673
-0.00160236
-0.000469128
0.00026742
0.0023146
-0.00321408
0.0146771
-0.00172539
-0.015835
-0.00864404
0.00312984
-0.0273234
0.0169963
0.00246956
-0.00254952
-0.00254873
-0.0218634
0.00396638
-0.00322382
0.00396337
-0.024893
0.00398688
0.00396468
-0.00321729
-0.0244545
-0.00277204
0.00477044
-0.00447073
0.00397328
-0.00919866
-0.0405852
0.023092
-0.119363
-0.028695
-0.0711204
0.0383651
-0.0197844
0.221501
0.0664059
-0.0663585
-0.0663424
-0.213843
0.0728824
-0.0406158
0.072822
0.00326835
0.0732944
0.0728484
-0.0406373
-0.0286098
-0.147742
0.1404
-0.0278795
0.0730212
0.00884058
-0.00717318
-0.00550261
0.122869
0.0271843
-0.00572953
0.00684883
-0.104214
0.0468806
0.00788602
-0.00748201
-0.00748067
-0.00177889
0.0104845
-0.00713174
0.0104798
0.0264896
0.0105166
0.0104819
-0.00717524
0.0221208
0.088872
0.0457425
-0.00881418
0.0104953
0.00810066
0.000333765
0.00898053
0.0101332
-0.00986479
-0.0031321
-0.000249644
-0.0182108
0.00753109
0.000113415
0.000145818
0.00014588
-0.0110556
-0.000868901
0.000312686
-0.0008692
-0.0128624
-0.000866864
-0.00086907
0.000332843
-0.0112179
0.0135382
-0.0097472
-0.0027248
-0.000868214
0.065158
0.00693826
0.0744477
0.0815498
-0.054337
-0.032343
-0.00584748
-0.18908
0.0793886
0.0056723
-0.00367783
-0.00367732
-0.0717808
-0.00545418
0.00683412
-0.00545653
-0.131288
-0.00543822
-0.0054555
0.00693241
-0.11414
0.113998
-0.105247
-0.0233513
-0.0054488
0.000879566
0.000117768
0.000573469
0.00301879
0.000525296
-0.000381626
-9.14855e-05
-0.00280862
0.00144075
9.32702e-05
-7.05626e-05
-7.05626e-05
-4.20753e-05
-5.43186e-05
0.000116346
-5.43194e-05
-0.00065622
-5.43129e-05
-5.4319e-05
0.000117692
0.000142824
0.00314203
-0.00260743
-0.000363647
-5.43166e-05
0.00016122
1.50879e-05
0.00237518
-0.00507958
-0.0036686
-0.00102435
-8.52636e-06
-0.000982873
1.25184e-05
-0.000294289
0.000227586
0.000227579
-0.00236595
-0.000259435
1.21927e-05
-0.000259393
-0.00427725
-0.000259723
-0.000259411
1.49541e-05
-0.00397714
-0.00429123
-9.23967e-05
-0.000677221
-0.000259532
0.000841003
-3.61445e-05
0.00100771
0.00284181
-0.000393383
-0.000458603
5.45032e-05
-0.00340655
0.00132454
-2.28279e-05
4.62785e-05
4.62806e-05
-0.00101886
-2.70063e-05
-3.64412e-05
-2.70128e-05
-0.0018621
-2.69625e-05
-2.701e-05
-3.61909e-05
-0.00135834
0.00248726
-0.000619542
-0.000300101
-2.69914e-05
0.000547655
8.75839e-06
0.00130831
-0.000118199
-0.00132574
-0.000539615
-1.426e-06
-0.00281357
0.000978413
0.000110006
-0.000109412
-0.000109404
-0.00110148
3.53274e-05
8.07631e-06
3.53061e-05
-0.0024224
3.54728e-05
3.53154e-05
8.68319e-06
-0.00227468
1.72739e-05
-0.000109324
-0.000405465
3.53764e-05
0.000131611
-6.14751e-05
0.000468584
0.00137193
-0.00071549
-0.000151009
5.42512e-05
-0.00127112
0.000199437
-4.39696e-05
4.94252e-05
4.94221e-05
-0.000833253
-1.67347e-05
-6.10831e-05
-1.67198e-05
-0.000628886
-1.68372e-05
-1.67263e-05
-6.15002e-05
-0.00077171
0.00154743
-0.000881117
-7.24158e-05
-1.67692e-05
0.000307947
8.50443e-05
0.000801663
0.000513149
-0.000862012
-0.000394063
-8.24995e-05
-0.00227328
0.000456943
7.78131e-05
-8.42124e-05
-8.42101e-05
-0.00111801
-5.07426e-05
8.45068e-05
-5.07521e-05
-0.00177919
-5.06779e-05
-5.0748e-05
8.49867e-05
-0.00184656
0.000632499
-0.000231229
-0.000246075
-5.07208e-05
-0.000826755
-1.45536e-05
8.71612e-06
-0.00469646
-0.00111928
-0.000184804
-1.60534e-05
0.00141188
-0.000752052
0.000205736
-0.000263216
-0.000263179
-0.000691851
0.000208182
-1.38028e-05
0.000208064
-0.000161176
0.000208983
0.000208116
-1.46185e-05
-0.00158992
-0.00517397
0.00511171
-0.000256017
0.000208452
0.000607515
-6.14416e-05
0.00214586
-0.000462159
-0.00296181
-0.000892861
6.29414e-05
-0.00364996
0.000846941
-5.45796e-06
7.13259e-06
7.13612e-06
-0.00215768
8.70995e-07
-6.38048e-05
8.67294e-07
-0.00385271
8.9571e-07
8.68914e-07
-6.15462e-05
-0.00387229
-0.00011777
0.000409201
-0.000550964
8.79425e-07
-0.000582943
-0.000196307
0.000420072
-0.00353253
-0.00197428
-8.85305e-05
0.000171355
0.0018474
-0.00041959
-4.26817e-05
7.31148e-06
7.31946e-06
-0.000965783
-5.70839e-05
-0.000196573
-5.71099e-05
-0.000178245
-5.69071e-05
-5.70985e-05
-0.000196486
-0.000521234
-0.00234177
-0.00255869
-0.000162864
-5.70241e-05
0.000469416
-0.000120488
0.00290221
-0.000362055
-0.00478871
-0.00107343
0.000103814
-0.00352221
-0.000100265
-0.000386318
0.00038414
0.000384131
-0.00435268
-0.000264203
-0.000124998
-0.000264189
-0.00527194
-0.000264303
-0.000264195
-0.000120705
-0.00557247
-3.93916e-05
-0.000421886
-0.000527816
-0.000264237
0.00038607
-0.00101777
0.00640743
-0.0112868
-0.0124279
-0.0032982
0.000947892
-0.00186839
0.000800665
-0.000485627
0.000488161
0.000488359
-0.0116774
0.000207365
-0.00102544
0.000206567
-0.010978
0.000212807
0.000206915
-0.00101869
-0.013514
-0.0109875
0.0100163
-0.00127054
0.000209199
0.000156526
-0.000116003
0.00169901
-0.00290661
-0.00308737
-0.000698205
9.98278e-05
-0.00141272
0.000402512
0.000241528
-0.000242713
-0.000242674
-0.00233916
0.000233921
-0.000118721
0.000233786
-0.00305396
0.000234836
0.000233845
-0.000116204
-0.00352947
-0.0023435
0.00156443
-0.000423577
0.000234229
0.00412904
-0.000284129
0.0100186
-9.26124e-05
-0.0121783
-0.00411724
0.000293017
-0.0174048
0.00620041
0.000449154
-0.000368771
-0.000368627
-0.0128776
0.0003577
-0.000296443
0.0003571
-0.0173003
0.000361791
0.000357362
-0.000284981
-0.0172627
0.00286051
-0.00408133
-0.0026513
0.000359078
0.000448488
-1.05551e-05
0.00115134
0.000486433
-0.00147609
-0.00045743
1.34119e-05
-0.00230543
0.000548547
2.23011e-05
-1.90235e-05
-1.90211e-05
-0.00126092
-7.00181e-06
-1.19965e-05
-7.01037e-06
-0.00204855
-6.94386e-06
-7.00663e-06
-1.06187e-05
-0.00201692
0.000918162
-0.000845246
-0.00029545
-6.98221e-06
0.000886751
-5.13686e-05
0.00289123
0.00099745
-0.00395034
-0.00115182
5.40596e-05
-0.00559544
0.00115617
-5.31266e-06
1.49452e-05
1.49469e-05
-0.00341359
-1.09625e-05
-5.45205e-05
-1.09649e-05
-0.00553673
-1.09471e-05
-1.09639e-05
-5.14903e-05
-0.00572274
0.00129148
0.000344702
-0.000635082
-1.0957e-05
0.00034648
4.21656e-05
0.000663223
0.000813827
-0.0004913
-0.000367287
-3.2885e-05
-0.00178153
0.00071414
7.5276e-05
-7.05685e-05
-7.0567e-05
-0.000412367
4.66375e-06
4.10853e-05
4.66625e-06
-0.00111408
4.64644e-06
4.66516e-06
4.21133e-05
-0.000862303
0.000895647
-0.000757564
-0.000265629
4.65796e-06
0.00103998
-8.50534e-05
0.00205903
0.00411921
-0.00149631
-0.000933385
0.000102455
-0.00592511
0.00195745
-2.72959e-05
4.09861e-05
4.09861e-05
-0.00169655
-1.01869e-05
-8.6359e-05
-1.02025e-05
-0.00351324
-1.00806e-05
-1.01957e-05
-8.51644e-05
-0.0028903
0.00408151
-0.00208055
-0.000617947
-1.01511e-05
0.000390618
-5.36249e-05
0.00196418
-0.000706205
-0.00347083
-0.000658565
3.91153e-05
-0.00257026
0.000285653
2.00851e-05
-1.85707e-05
-1.85654e-05
-0.00243242
6.56944e-07
-5.67324e-05
6.20036e-07
-0.00331089
9.08372e-07
6.36165e-07
-5.37494e-05
-0.00402926
0.00025687
-0.000131377
-0.000360262
7.41732e-07
1.34681e-05
5.04339e-05
4.86876e-05
-0.00172767
0.000742228
-0.000346219
-3.25917e-05
-0.00104193
0.000602538
6.29354e-05
-7.22952e-05
-7.22963e-05
0.000332758
-5.88159e-05
5.06521e-05
-5.8842e-05
-0.000867038
-5.86371e-05
-5.88306e-05
5.04122e-05
-0.000435993
-0.00182681
0.000703846
-0.000323951
-5.87557e-05
-0.000352408
-9.02089e-05
0.000725047
-0.00276087
-0.00179438
-0.000288287
7.65464e-05
0.000418303
-0.000540878
-0.000119479
8.87615e-05
8.87653e-05
-0.00116014
-1.31411e-05
-9.15501e-05
-1.31532e-05
-0.00150213
-1.3059e-05
-1.31479e-05
-9.02848e-05
-0.00184347
-0.00276728
0.00167911
-0.00014416
-1.31134e-05
0.00114688
-0.000260661
0.0039577
-0.00315658
-0.00649264
-0.00152708
0.000257269
-0.00413085
0.000991108
-0.000332133
0.000337267
0.000337283
-0.00501179
-0.000230232
-0.00026564
-0.000230316
-0.00671789
-0.000229657
-0.00023028
-0.000260894
-0.00717774
-0.00327377
0.00517875
-0.000939777
-0.000230038
-2.99755e-05
-0.000219847
0.00103595
0.000919784
-0.00202474
-0.000339392
0.000196389
-0.00150458
0.000793851
0.000261361
-0.000269304
-0.000269261
-0.00149487
0.000380477
-0.000220578
0.000380285
-0.00112048
0.000381788
0.000380369
-0.000219972
-0.00156478
0.000979038
0.000377142
-0.000200179
0.000380919
0.00020185
-0.000460703
0.00583443
0.00329798
-0.0102548
-0.00200839
0.000342473
-0.0109686
0.00378074
0.00156404
-0.00163791
-0.00163771
-0.00974976
0.00170065
-0.000459475
0.0016998
-0.00916466
0.00170645
0.00170017
-0.00046116
-0.0136192
0.00254713
0.00861197
-0.00120102
0.0017026
0.00218594
6.34772e-05
0.0131814
-0.00729339
-0.018334
-0.00660632
-5.71954e-05
-0.0207692
-0.00284421
-0.00245518
0.00229682
0.00229678
-0.0178449
-0.0020663
4.39883e-05
-0.00206622
-0.0264855
-0.00206685
-0.00206626
6.26525e-05
-0.0279676
-0.00787212
0.00285159
-0.00379739
-0.00206649
0.0289798
0.00277378
0.0768373
0.0121691
-0.113398
-0.0383254
-0.00273618
-0.130638
-0.00546497
-0.0109658
0.0114252
0.0114252
-0.116161
-0.0133012
0.00264024
-0.0133018
-0.141153
-0.0132973
-0.0133016
0.00276802
-0.158626
0.0161598
0.0142854
-0.0197403
-0.0132999
0.00351062
0.000456769
0.00672462
0.00580812
-0.0081664
-0.00294055
-0.000419126
-0.0153947
0.00210341
-0.000235852
0.000249781
0.000249772
-0.00723142
-0.000689896
0.000443298
-0.000689824
-0.0110231
-0.000690395
-0.000689855
0.000456373
-0.010587
0.00490299
0.000419684
-0.00221646
-0.000690064
0.00331574
0.000189013
0.0101207
-0.0109406
-0.0160937
-0.00412902
-0.000175076
-0.00857438
-0.000939704
-0.00170109
0.00174586
0.00174582
-0.0144245
-0.00164579
0.000169541
-0.00164584
-0.0187764
-0.00164545
-0.00164582
0.000188501
-0.0204903
-0.00923842
0.0072886
-0.0023542
-0.00164568
0.000132422
0.00010218
0.00115194
-0.00141789
-0.00213362
-0.000491236
-0.000108966
-0.0018402
-0.000187106
7.30391e-05
-7.84037e-05
-7.84055e-05
-0.00176174
-4.50069e-05
0.000100037
-4.49883e-05
-0.00246185
-4.51349e-05
-4.49964e-05
0.000102125
-0.00291398
-0.0011655
0.000819965
-0.000296965
-4.50498e-05
0.000450659
0.00031871
0.00219362
-0.00381533
-0.00393844
-0.000889197
-0.000332367
-0.00278101
-6.47597e-05
0.000304379
-0.000334244
-0.000334229
-0.00283919
-0.000126503
0.000314001
-0.000126568
-0.00380104
-0.00012606
-0.000126539
0.000318516
-0.00532235
-0.00292919
0.00349493
-0.000788331
-0.000126353
0.00441186
0.00588118
-0.00856397
-0.00351497
0.0135091
0.0026263
-0.0058102
-0.00773088
-0.00275955
0.00531211
-0.00525827
-0.00525821
0.00624366
-0.00143525
0.00588669
-0.00143608
0.0102028
-0.00142961
-0.00143572
0.00588169
-0.00367276
0.00910942
-0.000513656
-0.000813889
-0.00143335
0.0319387
0.048977
-0.0565837
-0.0754709
0.0787196
0.0175128
-0.0484873
-0.0473096
-0.0277945
0.043557
-0.0432785
-0.0432782
0.046506
-0.0107923
0.0489519
-0.0107981
0.0628117
-0.0107531
-0.0107956
0.0489808
-0.0465582
0.0265523
0.028328
-0.00796096
-0.0107791
0.00163207
0.0026457
-0.00264564
-0.00945963
0.00297344
0.000656895
-0.00263509
-0.00237772
-0.00107254
0.00279577
-0.00279634
-0.00279628
0.00142059
-0.000373932
0.00264647
-0.000374399
0.00201006
-0.000370746
-0.000374195
0.0026458
-0.00520946
-0.00288512
0.00479997
-0.000731027
-0.000372857
0.000443867
0.000739637
0.000738164
-0.00347539
-0.000570616
-0.000624565
-0.000735401
-0.00459578
0.000949243
0.00137386
-0.00139306
-0.00139299
-0.00182376
0.000439718
0.000737951
0.000439466
-0.00280845
0.000441435
0.000439576
0.000739509
-0.00407293
-0.00206572
-0.000547794
-0.000774292
0.000440297
0.00100783
4.63494e-05
0.00203626
0.000891855
-0.00234479
-0.000817952
-3.95035e-05
-0.00419218
0.00200197
0.000370743
-0.000347322
-0.000347292
-0.00189087
0.000163119
4.41577e-05
0.000163033
-0.00322125
0.000163705
0.000163071
4.61689e-05
-0.00294283
0.000569791
0.00125833
-0.000636956
0.000163317
0.000310703
0.000117065
0.00141505
-0.00203652
-0.0020537
-0.00067246
-0.000121457
-0.00275734
0.000266041
0.000260489
-0.000304492
-0.000304463
-0.00179144
4.6132e-05
0.000114458
4.60411e-05
-0.00274313
4.67512e-05
4.60808e-05
0.000116888
-0.00298005
-0.000977978
-0.00284326
-0.000688494
4.63408e-05
5.51006e-05
2.32085e-05
0.00331701
-0.00810739
-0.0053803
-0.00139364
-2.36986e-05
-0.00228223
-0.00024739
0.000133233
-0.000199522
-0.000199485
-0.00392714
0.000185631
1.80548e-05
0.000185487
-0.00696707
0.00018661
0.00018555
2.30687e-05
-0.00770834
-0.00802676
0.00522677
-0.000937347
0.000185961
-0.000167069
0.000123623
0.000422274
-0.00357973
-0.000265709
-0.000694051
-0.00011235
-0.00209188
0.00103493
0.000858763
-0.000884561
-0.000884482
-0.000863898
0.000551324
0.000123359
0.000551086
-0.00206699
0.000552947
0.00055119
0.00012349
-0.00182142
-0.00492395
0.00403584
-0.000516184
0.000551871
0.0060938
0.000387177
0.013145
0.0115288
-0.0124623
-0.00768482
-0.000284401
-0.0350858
0.00213077
-0.00178123
0.00182127
0.00182126
-0.0152087
-0.00215367
0.000368587
-0.00215362
-0.0242646
-0.00215396
-0.00215364
0.000386255
-0.0229287
0.0114502
-0.0131839
-0.00499592
-0.00215376
0.0312986
0.00721916
0.0526943
0.0490074
-0.0600067
-0.0332583
-0.00688451
-0.145522
-0.00319768
-0.00687625
0.00753451
0.00753444
-0.0788575
-0.0146738
0.00712513
-0.0146733
-0.101379
-0.0146771
-0.0146735
0.00721459
-0.113144
0.0598824
-0.0484874
-0.019765
-0.0146749
0.00240588
0.000502218
0.000970196
0.00666016
0.0012995
-0.0013016
-0.00044648
-0.008402
0.00141491
-0.000149816
0.00025739
0.000257384
-0.00183239
-0.000835799
0.000500139
-0.000835733
-0.00186965
-0.000836255
-0.000835762
0.000502016
-0.000959145
0.00618395
-0.00380549
-0.000979051
-0.000835952
0.00153931
0.000158684
0.00233866
0.00394663
-0.00195884
-0.0009511
-0.000134461
-0.00662313
0.00213085
0.000242992
-0.000218954
-0.000218945
-0.00209574
2.14137e-05
0.000155934
2.14168e-05
-0.00371872
2.13915e-05
2.14155e-05
0.000158574
-0.00305268
0.00374683
-0.00119056
-0.000764038
2.14065e-05
0.000977876
1.44946e-05
0.00154547
0.00400581
-0.00115994
-0.000637336
3.41556e-07
-0.00475687
0.00139098
5.47077e-05
-3.55998e-05
-3.55992e-05
-0.00162638
1.37989e-06
1.31398e-05
1.38232e-06
-0.00271587
1.36278e-06
1.38126e-06
1.44225e-05
-0.00239843
0.00405363
-0.00178971
-0.000413843
1.37423e-06
0.000763226
0.000363763
0.000639658
0.000592402
-0.000598357
-0.000355405
-0.000351664
-0.00297467
0.000512366
0.000364387
-0.000354408
-0.000354402
-0.000893734
-6.2481e-05
0.000362331
-6.2501e-05
-0.00163684
-6.23459e-05
-6.24922e-05
0.000363742
-0.00230982
0.00101058
0.000806572
-0.000358659
-6.24351e-05
0.00776082
0.0103414
-0.0128056
-0.0145437
0.0182639
0.00385024
-0.0102229
-0.0123591
-0.00576998
0.00910576
-0.00902775
-0.00902769
0.0105428
-0.00250556
0.0103395
-0.00250681
0.0145433
-0.00249703
-0.00250626
0.0103423
-0.010307
0.00895781
0.00456177
-0.00188435
-0.00250268
0.0377631
0.0551359
-0.0703231
-0.0810211
0.0984885
0.0224715
-0.054584
-0.0522523
-0.0315968
0.0491102
-0.0487198
-0.0487194
0.0580178
-0.0128495
0.0551179
-0.0128568
0.0830891
-0.0127998
-0.0128536
0.0551405
-0.046717
0.0423967
0.0236416
-0.00822199
-0.0128327
0.0132135
0.0177715
-0.0228963
-0.0260595
0.0328921
0.00678624
-0.0175749
-0.0205356
-0.00834649
0.0166523
-0.0164853
-0.016485
0.017831
-0.00359303
0.0177704
-0.00359562
0.0263772
-0.00357541
-0.00359449
0.0177729
-0.016929
0.0143698
0.00686685
-0.00306652
-0.00358709
0.00365684
0.00439526
-0.0035852
-0.00541066
0.00514301
0.000873423
-0.00434612
-0.00809886
-0.00208329
0.00388761
-0.00385193
-0.0038519
0.00183805
-0.0010189
0.00439407
-0.00101934
0.00252299
-0.00101596
-0.00101915
0.00439559
-0.0082391
0.00374999
0.00509988
-0.00117973
-0.00101791
0.00141838
0.000377553
0.00139532
0.00425606
-0.000788541
-0.000713747
-0.000356699
-0.0067465
0.00151952
0.000355643
-0.000334052
-0.000334046
-0.00158567
-0.000108688
0.000376652
-0.000108716
-0.00281176
-0.000108501
-0.000108704
0.000377514
-0.00320724
0.00414996
0.000717246
-0.00060694
-0.000108625
0.00154894
0.000148061
0.00109792
0.00478729
0.000392637
-0.000685688
-0.000112233
-0.00508591
0.00183454
-0.000232417
0.000250689
0.000250689
-0.00118765
-0.000372682
0.00014677
-0.000372696
-0.00180666
-0.000372588
-0.00037269
0.000147956
-0.000821645
0.00394673
-0.00133071
-0.000546505
-0.000372651
0.000153526
8.25399e-05
0.0019574
-0.00399507
-0.00339605
-0.000891638
-9.46228e-05
-0.00271666
0.000138182
0.000257852
-0.00028334
-0.000283312
-0.00245595
0.000104578
7.97458e-05
0.000104486
-0.00418382
0.000105207
0.000104526
8.24054e-05
-0.00506838
-0.00386131
0.0041191
-0.000542812
0.00010479
0.000798174
-0.000138169
0.00171825
0.00259211
-0.002985
-0.000780036
0.000123566
-0.00349108
-7.6866e-05
-0.00032358
0.000328856
0.000328877
-0.00373981
-0.00022071
-0.000141846
-0.000220815
-0.00306879
-0.000220001
-0.000220769
-0.000138379
-0.00371447
0.00262629
-0.00117597
-0.000419714
-0.000220471
3.2193e-05
-0.00108945
0.0061935
-0.00504267
-0.011099
-0.00406118
0.00105776
-0.00559122
-0.00460916
-0.0028835
0.0027647
0.00276469
-0.00871606
-0.00176107
-0.00110021
-0.001761
-0.0103481
-0.00176155
-0.00176103
-0.00109016
-0.0114225
-0.0076731
0.00679717
-0.00216019
-0.00176123
-0.00778731
-0.0020916
-0.0173954
0.00454582
0.013517
-0.000545908
0.0019405
0.0332394
-0.0258215
-0.00712576
0.00706173
0.00706179
0.00631544
-0.00672689
-0.00208397
-0.00672689
0.035575
-0.00672684
-0.00672689
-0.00209354
0.0291334
0.00113844
-0.0210215
0.00146411
-0.00672687
0.00122299
0.00018136
0.00234187
0.0034491
-0.00331511
-0.00135449
-0.000190427
-0.00719814
0.000782092
0.000404949
-0.000343665
-0.000343631
-0.00354613
-9.33096e-05
0.000176767
-9.34005e-05
-0.00372706
-9.26909e-05
-9.33608e-05
0.000181056
-0.00430895
0.00443334
-0.00263184
-0.000846533
-9.31008e-05
0.000419269
0.000102932
0.00129319
0.000843985
-0.00149551
-0.000568963
-9.75081e-05
-0.00269713
0.00039807
-1.09291e-05
-1.29076e-05
-1.29093e-05
-0.00139432
-0.000152961
0.000100787
-0.000152933
-0.00214893
-0.000153147
-0.000152945
0.000102784
-0.00194256
0.000843519
-0.0011496
-0.000448153
-0.000153023
0.0101996
-0.000973757
0.0153928
0.0311701
-0.00858303
-0.00722022
0.00107854
-0.0484941
0.0204028
-0.000415627
0.000604648
0.000604775
-0.0165629
-0.000862029
-0.000970771
-0.000862541
-0.0255779
-0.000858536
-0.000862318
-0.00097546
-0.0231697
0.0319997
-0.0116389
-0.00515315
-0.000860852
0.029966
-0.000521913
0.0478835
0.065437
-0.031585
-0.0217251
0.000812928
-0.136704
0.0614508
0.00626536
-0.00566208
-0.00566113
-0.0549839
0.00259931
-0.00054563
0.00259531
-0.0801547
0.0026266
0.00259706
-0.000527397
-0.0753293
0.0841194
-0.0708164
-0.0160423
0.00260851
0.0067127
0.00789425
-0.00937927
-0.011178
0.0146621
0.002236
-0.00779368
-0.012664
-0.00220639
0.00717994
-0.00710268
-0.00710259
0.00668723
-0.00208774
0.00789426
-0.00208884
0.00989318
-0.00208028
-0.00208836
0.00789463
-0.0092282
0.00862405
0.00110043
-0.00212574
-0.00208522
0.025971
0.0388988
-0.055314
-0.0603239
0.0766201
0.0173319
-0.0385102
-0.0319484
-0.0250334
0.0347197
-0.0344329
-0.0344326
0.0443
-0.00913868
0.0388998
-0.00914373
0.0666268
-0.00910436
-0.00914152
0.0389024
-0.0279574
0.0283061
0.0176615
-0.00524023
-0.0091271
0.00738682
0.00981459
-0.0110768
-0.0105691
0.0159996
0.003295
-0.00971652
-0.0141682
-0.00433
0.00920071
-0.00912271
-0.0091226
0.00855567
-0.00176336
0.00981183
-0.0017646
0.0124979
-0.00175497
-0.00176406
0.00981536
-0.0110071
0.0115866
0.000737094
-0.00197001
-0.00176053
0.00230027
0.00515106
-0.00944783
-0.0129188
0.012532
0.00266006
-0.00510249
0.000650779
-0.00412189
0.00488207
-0.00487038
-0.0048703
0.00730246
-0.000874011
0.00515545
-0.00087463
0.0115484
-0.000869804
-0.000874359
0.00515161
-0.00105957
-0.00193843
0.00588466
-0.000494616
-0.00087259
0.000481296
0.000627711
-0.000266221
-0.00388076
-0.000466483
-7.15705e-06
-0.000634322
-0.00127773
-0.000123015
0.00104854
-0.00105795
-0.00105789
-0.000806497
0.000212476
0.000627927
0.000212252
-0.000499782
0.000213998
0.000212349
0.000627705
-0.00287472
-0.00175042
0.00168504
-0.000423766
0.00021299
0.000569247
0.000147298
0.00290111
-0.00167752
-0.00441687
-0.00123378
-0.000152989
-0.00485443
0.000501525
0.00027525
-0.000308117
-0.00030809
-0.00341691
4.50811e-05
0.000141832
4.49569e-05
-0.00520994
4.59284e-05
4.50112e-05
0.000147066
-0.00598134
-0.00108391
0.0010735
-0.000878232
4.53667e-05
0.00055655
0.000228991
0.00121309
-0.00303727
-0.000979179
-0.000723331
-0.000209099
-0.00289389
0.000851832
0.000299429
-0.000318823
-0.000318803
-0.000942397
3.07304e-05
0.000229128
3.07235e-05
-0.00304334
3.07759e-05
3.07265e-05
0.000228941
-0.00321627
-0.00399311
0.0053493
-0.000628516
3.0746e-05
0.00150235
0.000546757
4.13499e-05
0.00275336
0.000687864
-0.000113268
-0.000533937
-0.00303236
0.000831492
0.000332603
-0.000304309
-0.00030429
-0.0011772
-0.00032926
0.000545473
-0.000329384
0.000103065
-0.000328416
-0.00032933
0.000546653
-0.000995497
0.00507939
-0.00606805
-0.000437573
-0.000328975
0.00105927
0.000149343
0.00312387
-0.00110404
-0.004784
-0.00130023
-0.000161041
-0.00602426
0.00083215
0.00025548
-0.000238232
-0.000238215
-0.00420489
-8.42064e-05
0.000145666
-8.42483e-05
-0.00596168
-8.39229e-05
-8.423e-05
0.000149127
-0.00727834
5.0243e-05
0.00172303
-0.000828837
-8.41105e-05
0.00215645
0.00130709
0.000253971
0.0048888
0.00132039
-0.00085114
-0.00127899
-0.00844552
0.00188617
0.00161993
-0.00157302
-0.00157294
-0.000668208
3.63808e-06
0.00130437
3.40635e-06
-0.00100195
5.21558e-06
3.50763e-06
0.00130681
-0.00280266
0.00567428
-0.0005138
-0.00100663
4.17027e-06
0.000501738
0.000172617
0.00179551
-0.000636644
-0.00293307
-0.000802159
-0.000183506
-0.00326643
0.000629902
0.000293392
-0.000288028
-0.000288006
-0.0028374
3.63265e-05
0.000170281
3.6271e-05
-0.00352231
3.67039e-05
3.62953e-05
0.000172462
-0.00443233
-0.000326359
0.00206328
-0.000437355
3.64538e-05
0.000968214
0.000148837
0.00134061
0.00513086
5.83954e-05
-0.000798861
-0.000125757
-0.00654914
0.00257857
0.000494303
-0.000503219
-0.000503172
-0.00149784
0.000277205
0.000146531
0.000276998
-0.00229758
0.000278622
0.000277088
0.000148657
-0.00109604
0.00450312
-0.00366551
-0.000646712
0.000277682
0.000460976
0.000205356
0.00116493
-0.00206174
-0.0012087
-0.000609143
-0.000189676
-0.00241257
0.000638847
0.000202122
-0.000211642
-0.000211634
-0.000953665
-1.74773e-05
0.000203695
-1.75026e-05
-0.0026439
-1.73056e-05
-1.74915e-05
0.000205316
-0.002552
-0.00212784
0.00204176
-0.000466938
-1.74193e-05
0.00201438
0.00150536
0.00113554
-0.00031744
-0.00129604
-0.000641645
-0.00149041
-0.00649859
0.000129044
0.001193
-0.00114086
-0.00114086
-0.00240182
-0.000414827
0.00150084
-0.000414912
-0.00334683
-0.000414247
-0.000414875
0.00150532
-0.00669866
0.00277207
1.48228e-05
-0.000794245
-0.000414631
0.0050398
0.00509761
-0.00181094
-0.00223439
0.00255716
0.00024536
-0.00506585
-0.0157948
-0.000585163
0.0052412
-0.00516473
-0.00516464
-0.000764935
-0.000500251
0.00509229
-0.000500906
-0.000416914
-0.000495794
-0.00050062
0.00509785
-0.0136338
0.00921799
0.00185727
-0.00180803
-0.000498746
0.017588
0.0211757
-0.0223684
-0.0223242
0.0384747
0.00475726
-0.0208796
-0.0380743
-0.00315965
0.0200425
-0.0198289
-0.0198285
0.0166703
-0.00385092
0.0211691
-0.00385389
0.0226459
-0.00383065
-0.00385259
0.0211767
-0.022765
0.0226757
-0.00418963
-0.00555601
-0.00384408
0.0149399
0.010968
-0.0128669
0.0153435
0.0340549
0.000782998
-0.0106691
-0.0422071
0.0111716
0.0121874
-0.0117368
-0.0117364
0.00637125
-0.00149395
0.0109826
-0.00149645
0.0124014
-0.00147686
-0.00149536
0.0109677
-0.00732962
0.0390823
-0.0284474
-0.00396366
-0.00148818
0.00330937
0.00402483
-0.00633443
-0.0073433
0.0106506
0.00124749
-0.00394229
-0.00383171
-0.000532793
0.00405522
-0.00398894
-0.00398883
0.00452225
-0.000536925
0.00402844
-0.00053753
0.0071036
-0.000532813
-0.000537265
0.00402511
-0.00137741
0.00115058
0.000938794
-0.00100243
-0.000535536
0.000914491
0.000865603
0.000272728
-0.00172539
-0.000304514
-0.000264766
-0.000867993
-0.00445344
-0.000336591
0.00072011
-0.00074975
-0.000749731
-0.00167556
-0.000337704
0.000865286
-0.000337787
-0.00187494
-0.000337139
-0.000337751
0.000865507
-0.00418933
0.00127922
-0.0036413
-0.00059031
-0.000337513
0.00153373
0.000270842
2.69893e-05
0.00457131
0.0018616
-0.000313323
-0.000235486
-0.00354462
0.00134799
-0.000166902
0.000176394
0.00017639
7.89642e-05
-0.000474399
0.000270989
-0.000474439
0.000568221
-0.000474129
-0.000474422
0.000270786
0.00057815
0.00510608
-0.00253174
-0.000558453
-0.000474308
-0.000471171
0.000624873
-0.00399291
-0.00752653
0.00570855
0.000620386
-0.000592237
0.00517882
-0.000234682
0.000914167
-0.00095778
-0.000957717
0.00515876
0.000199294
0.000624916
0.000199092
0.00654608
0.000200668
0.00019918
0.000624963
0.00624211
-0.0085362
0.0079555
-0.00028722
0.000199757
-0.000123312
-0.00027765
0.00329695
0.00273489
-0.00651607
-0.00190431
0.000224764
-0.0105321
-0.00122088
-0.000640601
0.000603917
0.000603882
-0.00658905
-0.000666592
-0.000280405
-0.000666449
-0.0063792
-0.000667571
-0.000666511
-0.000277904
-0.00725338
0.000153578
0.00365458
-0.00128157
-0.000666921
0.0133051
-0.0127728
0.119812
0.0336279
-0.187644
-0.0690216
0.0126255
-0.197025
-0.0659237
-0.0388951
0.0382991
0.0382987
-0.193535
-0.0276579
-0.0129693
-0.027657
-0.219814
-0.0276642
-0.0276574
-0.0127831
-0.22601
-0.00474384
-0.0387796
-0.0334391
-0.02766
-0.0126856
-0.0203945
-0.0227375
0.290681
0.0157142
-0.0759351
0.0212849
-0.111915
-0.217983
-0.0845765
0.0856166
0.0856166
-0.148224
-0.0813904
-0.0204865
-0.0813891
0.0420013
-0.0813989
-0.0813897
-0.020414
0.0548672
0.133829
-0.231618
-0.0234917
-0.0813933
-2.8523e-05
-0.00203404
0.00428161
0.0236818
-0.00999896
-0.00919677
0.00205604
-0.0187761
-0.0188
-0.00719968
0.00730654
0.00730662
-0.0227578
-0.00691063
-0.00204768
-0.00691081
-0.00773037
-0.00690942
-0.00691073
-0.0020361
-0.00952684
0.0101247
-0.0105106
-0.00296843
-0.00691022
0.00105338
-3.73849e-05
0.00389909
0.00365159
-0.00605302
-0.00221856
2.63847e-05
-0.00781821
-0.00133235
-0.00073444
0.000704825
0.000704836
-0.00676129
-0.000827495
-4.49449e-05
-0.000827565
-0.006437
-0.000827024
-0.000827534
-3.78255e-05
-0.00763235
0.0033192
-0.00220004
-0.00142876
-0.000827336
0.00141017
6.57675e-05
0.00379841
0.00113894
-0.00600513
-0.00173378
-9.44495e-05
-0.00839629
0.000715416
-0.000156656
0.000209788
0.000209793
-0.00706316
-0.00045104
6.18255e-05
-0.000451175
-0.0072323
-0.000450123
-0.000451116
6.54904e-05
-0.00864698
0.0033194
-0.00203314
-0.000973737
-0.000450731
0.000614038
0.000950375
0.000937264
-0.00459088
0.000991794
-0.00141189
-0.000906578
-0.00562006
0.00236075
0.00155695
-0.00161761
-0.00161752
0.000726961
0.000426931
0.000950223
0.000426544
-0.00237953
0.000429575
0.000426713
0.000950221
-0.00378479
-0.00495607
0.00808163
-0.00146241
0.000427822
0.00740028
0.00146207
0.00734976
0.00900673
-0.00698292
-0.00330894
-0.00140026
-0.0244
0.00606127
0.00128414
-0.00114345
-0.00114333
-0.0119666
-0.000681937
0.00145684
-0.00068271
-0.0140364
-0.000676667
-0.000682372
0.00146167
-0.019337
0.0154924
-0.00623239
-0.00283273
-0.000680159
0.0055726
0.00662018
-0.0022385
-0.0124343
0.00298624
-8.35344e-07
-0.0065559
-0.0140945
-0.00326975
0.00548684
-0.00545262
-0.00545256
-0.00118004
-0.00173614
0.00661199
-0.00173685
-0.00175339
-0.00173137
-0.00173654
0.00662036
-0.0182599
0.00210979
0.00446552
-0.00210197
-0.00173453
0.00567913
0.00339217
0.00240094
-0.0047295
0.000202703
-0.00211157
-0.00331023
-0.0178875
0.00388104
0.0032351
-0.0031532
-0.00315307
-0.00463161
-0.000835602
0.00338477
-0.000836294
-0.00741865
-0.000830892
-0.000835991
0.00339176
-0.014152
0.00319943
-0.00064123
-0.00284797
-0.000834013
0.00732681
0.0040346
-0.00110611
0.00938922
0.0102935
-0.00156671
-0.0038939
-0.0278559
0.00801787
0.00493746
-0.00481217
-0.00481194
-0.00139485
-0.00037471
0.00403645
-0.000375737
-0.00190211
-0.000367714
-0.000375288
0.00403408
-0.00774653
0.0174273
-0.0135008
-0.00317575
-0.000372349
0.0027711
0.00115947
0.00146953
0.00150289
0.000413273
-0.00139774
-0.00110851
-0.0104152
0.0021461
0.000891748
-0.000842664
-0.000842622
-0.00252255
-0.000586196
0.00115922
-0.000586405
-0.0048737
-0.000584777
-0.000586314
0.00115929
-0.00716286
0.00414022
-0.00207777
-0.00121038
-0.000585717
0.000701383
0.000532746
0.000744196
0.00233475
-0.00138795
-0.000387252
-0.000546388
-0.00416049
-0.000260679
0.000400363
-0.000444713
-0.000444703
-0.00190625
-0.000300737
0.000530716
-0.000300807
-0.000726965
-0.000300266
-0.000300776
0.000532559
-0.00193088
0.00328866
-0.00299014
-0.000744627
-0.000300578
0.000607359
0.000216813
0.00163786
0.000934218
-0.00257943
-0.000793752
-0.000226501
-0.00459027
0.000755609
0.000375801
-0.000382797
-0.000382776
-0.00279378
1.30845e-06
0.000214445
1.25608e-06
-0.00312294
1.66357e-06
1.27898e-06
0.00021665
-0.00437611
0.00178675
0.000228582
-0.000623285
1.42852e-06
0.00571208
1.54082e-05
0.00997483
0.0125114
-0.00836325
-0.00464389
5.29301e-06
-0.0285259
0.00863464
0.000766315
-0.000788377
-0.000788183
-0.0137898
-0.00024301
3.83035e-06
-0.000243831
-0.0145832
-0.00023741
-0.000243472
1.38748e-05
-0.0146265
0.0175615
-0.0204408
-0.00425094
-0.000241122
0.00520239
0.000309097
0.00189381
-0.0112481
0.00606979
-0.0043687
-0.000188676
-0.0145373
0.00894654
0.000963426
-0.00105669
-0.00105632
-0.00247959
-0.000972963
0.000306132
-0.000974515
-0.00128599
-0.000962381
-0.000973836
0.000307173
-0.00195523
-0.00844527
0.000279039
-0.00551405
-0.000969396
-0.00630256
0.000653351
-0.0159442
-0.0218933
0.0217805
0.00141722
-0.000700556
0.0237283
-0.000395631
0.00373149
-0.00399724
-0.00399677
0.016215
0.00144553
0.000670854
0.00144383
0.0298065
0.00145712
0.00144457
0.000652113
0.0238839
-0.0200348
0.00548879
-0.00112594
0.00144944
0.00104752
-5.04533e-05
0.0010837
-0.000689367
-0.00158347
-0.000970433
5.00488e-05
-0.00314165
0.00120874
0.000256528
-0.000207213
-0.000207129
-0.00280481
-4.36936e-05
-5.16176e-05
-4.39671e-05
-0.00216972
-4.183e-05
-4.38476e-05
-5.08272e-05
-0.00303874
-0.000479724
0.00102341
-0.00057437
-4.30652e-05
0.00272968
0.000453616
0.00154541
0.00890131
0.00137619
-0.000917906
-0.000396223
-0.00951746
0.0029919
0.000361623
-0.000275518
-0.000275491
-0.00168235
-0.000182146
0.000453538
-0.000182253
-0.00280476
-0.00018142
-0.000182206
0.000453521
-0.00194391
0.00857065
-0.00350242
-0.000782543
-0.000181901
0.000708486
0.000871374
0.000528831
-0.0005391
-0.000268417
-0.000646302
-0.000861617
-0.00497912
0.00136783
0.00139335
-0.00138998
-0.00138992
-0.000970071
0.000319676
0.000869046
0.000319435
-0.00146905
0.000321316
0.00031954
0.000871271
-0.00287339
0.000819624
0.000188547
-0.000681398
0.000320229
0.000809828
0.0018617
-0.000430713
-0.00289099
0.000517223
-0.000321943
-0.00186099
-0.0059751
-0.00130361
0.00206206
-0.00209199
-0.00209194
-0.00131934
-0.00010295
0.00185914
-0.0001032
-0.00108352
-0.000101247
-0.000103091
0.00186161
-0.00555357
0.000673037
-0.00202256
-0.000932286
-0.000102375
0.00166589
0.00112597
0.00191129
0.000779788
-0.00185544
-0.00106021
-0.00111744
-0.00959146
0.0017509
0.00159149
-0.0015823
-0.00158224
-0.00330872
0.000177407
0.00112266
0.000177202
-0.0044281
0.000178806
0.000177292
0.00112576
-0.00674118
0.00276915
-0.000481011
-0.00112728
0.00017788
0.00240604
0.00192173
0.000567435
-0.0035059
9.2294e-05
-0.000771874
-0.001891
-0.00930239
0.000999995
0.00193796
-0.0019137
-0.00191366
-0.00194774
-0.000432244
0.00192167
-0.000432523
-0.00380472
-0.000430345
-0.000432401
0.00192165
-0.00857969
0.000154118
0.00199328
-0.00127367
-0.000431603
0.0016004
0.000871186
0.00101685
0.000585311
3.59778e-05
-0.000812194
-0.000850998
-0.0062436
0.00105815
0.000587077
-0.000588164
-0.000588143
-0.00208441
-0.000473219
0.000869152
-0.000473375
-0.00235057
-0.000472161
-0.000473307
0.000870964
-0.00345664
0.00269833
-0.00394271
-0.00100433
-0.000472862
0.000587149
0.000881707
-0.00202925
-0.00209686
0.0041202
-4.42578e-05
-0.000842398
-0.00060261
0.000106849
0.000462331
-0.000482997
-0.000482985
0.00179778
-0.000610558
0.000884566
-0.000610647
0.00279057
-0.000609954
-0.000610608
0.000881655
0.00157905
-0.00254685
0.00476375
-0.000541544
-0.000610354
0.00136021
0.00100415
0.00141173
0.00448062
-0.000908033
-0.00115078
-0.000989216
-0.00879876
0.00216158
0.00151215
-0.00147099
-0.00147091
-0.00286742
0.000352895
0.00100016
0.000352533
-0.00338077
0.000355364
0.000352691
0.00100398
-0.00525904
0.0047055
0.000691484
-0.000743947
0.000353727
0.00147775
0.00046232
0.00195306
0.000526491
-0.00287995
-0.000762241
-0.000467395
-0.00485658
0.00230902
0.00118817
-0.0011641
-0.001164
-0.00336637
0.00054853
0.000457568
0.000548127
-0.00286302
0.000551284
0.000548303
0.000462113
-0.00454968
0.00181659
0.00120399
-0.000698405
0.000549459
0.000148925
-0.000234645
0.0037043
-0.000745459
-0.00535476
-0.00183924
0.000222547
-0.00778066
3.12239e-05
-0.000178466
0.000160656
0.00016069
-0.00633871
-0.000106535
-0.000236153
-0.000106705
-0.00810755
-0.000105373
-0.000106631
-0.000234879
-0.00863591
-0.00175967
0.00146514
-0.000753103
-0.000106143
-0.00417429
-0.000171529
-0.013019
0.000919678
0.01786
0.00359369
0.000184476
0.0194566
-0.00556118
-0.000293672
0.000261243
0.000261301
0.0101501
-0.000569779
-0.000152916
-0.000569946
0.0231461
-0.000568646
-0.000569873
-0.000171358
0.0239483
-0.00289941
-0.00380972
0.00234854
-0.000569397
-0.0141236
-0.0102352
0.0462111
0.0271914
-0.0850465
-0.0383424
0.0102328
-0.0726839
-0.0652174
-0.022739
0.0218578
0.0218586
-0.136106
-0.0147425
-0.0103209
-0.0147463
-0.09482
-0.0147168
-0.0147446
-0.0102422
-0.0893757
-0.0544636
0.0150201
-0.0131489
-0.0147339
-0.0689566
-0.000296092
-0.168149
0.162056
0.191721
-0.000743206
0.00104572
0.159158
-0.192939
-0.0206015
0.0210647
0.0210677
-0.0391941
-0.0392193
-0.000142839
-0.0392304
0.260726
-0.0391436
-0.0392256
-0.000305002
0.248062
-0.0574075
0.0650433
0.0270747
-0.0391938
-0.0060664
0.000345722
-0.0177277
0.0310692
0.0242744
-0.000207323
-0.000219367
0.0097335
-0.0184687
-0.00209709
0.00213669
0.00213698
-0.00331166
-0.00436812
0.000363512
-0.0043692
0.0305536
-0.00436081
-0.00436873
0.000344698
0.0331118
0.00737969
-0.00647161
0.00226812
-0.00436566
-0.000650653
0.000169804
-0.000300116
0.00463131
-0.000523568
-0.000592148
-0.000169576
-0.000784358
-0.00323968
-0.00085323
0.000864867
0.00086482
-0.00319014
-0.00114133
0.000170784
-0.00114119
-0.00014036
-0.00114232
-0.00114125
0.000169701
-0.00161217
0.00391206
-0.00337603
0.000221478
-0.00114167
-0.000258035
-8.33149e-05
0.00076772
-0.00266181
-0.00228188
-0.000308786
6.11911e-05
-0.000447349
-0.000708246
-0.000101592
7.97939e-05
7.97963e-05
-0.00175649
-0.000125126
-8.36909e-05
-0.00012514
-0.00167557
-0.000125032
-0.000125134
-8.33969e-05
-0.00241243
-0.00281238
0.00312428
-0.000130924
-0.000125094
0.000677675
0.000351936
0.000308651
0.0010291
1.25648e-05
-0.000280149
-0.000346371
-0.00274579
0.000625747
0.000352831
-0.0003306
-0.000330595
-0.000553937
-0.000154081
0.000349744
-0.00015416
-0.000421132
-0.000153547
-0.000154125
0.000351824
-0.00101954
0.00268399
-0.00312869
-0.000376796
-0.000153901
0.000355461
0.000189457
0.00120106
0.000229919
-0.00165222
-0.000492936
-0.000186791
-0.00257461
5.50719e-05
3.07579e-05
-4.34715e-05
-4.34784e-05
-0.0018852
-0.000140792
0.000187559
-0.000140767
-0.00259481
-0.000140967
-0.000140778
0.000189401
-0.00286929
0.000106155
0.000582521
-0.000345645
-0.000140851
0.00099145
0.000114361
0.00131243
0.000152283
-0.000304568
-0.000741447
-8.03673e-05
-0.00356667
0.000684798
-0.000271112
0.000272511
0.000272507
-0.00157136
-0.00029335
0.00011446
-0.000293362
-0.00330809
-0.000293263
-0.000293357
0.000114347
-0.00271236
-0.000224973
-0.000962038
-0.000574584
-0.00029332
0.000479009
8.43815e-05
0.000553805
0.00286513
0.000387814
-0.000453255
-7.24405e-05
-0.00398447
0.00137526
0.000455478
-0.000466829
-0.000466787
-0.000879023
0.000364492
8.44272e-05
0.000364341
-0.00124111
0.000365518
0.000364407
8.43328e-05
-0.00083979
0.00258856
-0.00266249
-0.000410689
0.000364838
0.000757679
0.000233096
0.00297218
-0.00421515
-0.00476889
-0.0012329
-0.000249584
-0.00409099
0.00152824
0.000933154
-0.00094426
-0.000944179
-0.00375707
0.000486302
0.00022742
0.000486024
-0.00534838
0.000488193
0.000486145
0.000232781
-0.00640911
-0.00193621
-0.000640011
-0.000955725
0.000486939
0.00223479
-4.73828e-05
0.00378812
0.00986339
-0.00205442
-0.00176048
7.81149e-05
-0.0119875
0.00357783
0.000205115
-0.000198207
-0.00019816
-0.00394467
0.000101042
-4.96274e-05
0.000100784
-0.00567508
0.000102807
0.000100897
-4.77263e-05
-0.00530053
0.0117159
-0.0106691
-0.00132097
0.000101637
0.000165384
0.000272653
0.0028351
-0.00460657
-0.00520724
-0.00144651
-0.00032231
-0.00895888
0.00133769
0.00137448
-0.00139598
-0.00139587
-0.00566189
0.000717242
0.000270182
0.000716769
-0.00760258
0.000720462
0.000716976
0.000272424
-0.0100306
-0.00519562
0.00819106
-0.0009717
0.000718328
-4.4628e-05
-0.000158136
-0.00164762
0.00137035
0.00381262
0.000310818
0.00017013
-0.000947711
0.00149787
0.000144658
-0.000131543
-0.000131523
0.00180551
0.000112934
-0.000156249
0.0001128
0.003624
0.000113845
0.000112858
-0.000158156
0.00489728
0.00222777
-0.00533771
-0.000134864
0.000113241
-0.00156889
-0.000137081
-0.00153067
-0.00731853
-0.000245903
0.000452941
6.87861e-05
0.00521985
-0.000876963
0.000463746
-0.000516624
-0.000516566
0.000687015
0.0003017
-0.000132928
0.000301519
0.00333495
0.00030294
0.000301598
-0.000137219
0.000909078
-0.00598564
0.00382602
0.000152403
0.000302118
0.000570302
-0.000383403
-0.0011907
0.00650307
0.00517287
-0.000450138
0.000425237
-0.00613146
0.00320442
4.71269e-05
-2.54084e-05
-2.53779e-05
0.00214286
0.000242547
-0.000378705
0.000242444
0.00253355
0.000243252
0.000242489
-0.000383409
0.00511673
0.00323452
0.000844349
-0.00072678
0.000242785
0.00015631
0.000159073
0.000724709
0.00582868
-0.00145658
-0.000760109
-0.000175827
-0.00598004
4.41623e-05
0.000320686
-0.000347148
-0.000347117
-0.00220353
-0.000148243
0.00015847
-0.000148302
-0.0011276
-0.000147843
-0.000148276
0.000158826
-0.00216058
0.00503545
-0.000962263
-0.000377113
-0.000148108
-0.000745757
-0.000114509
0.00137451
-0.00710044
-0.00389596
-0.00054376
8.18863e-05
0.00145264
-0.000938351
0.000200299
-0.000242302
-0.000242269
-0.00235371
0.000242507
-0.000117013
0.000242376
-0.00282585
0.000243399
0.000242433
-0.000114633
-0.00400586
-0.00621865
0.00299811
-0.000315746
0.000242808
-0.000316598
0.000130235
-0.000709067
0.000468495
0.000877166
0.000154356
-0.000129456
0.00188412
-0.000773208
-0.000141994
0.000133229
0.000133213
0.000244367
-0.000288938
0.000130494
-0.000288888
0.00187755
-0.000289282
-0.00028891
0.0001302
0.00156283
0.0010754
-0.00219637
8.9075e-05
-0.000289054
0.00102349
7.16081e-06
0.00319346
0.00214853
-0.00339111
-0.00140235
3.18929e-06
-0.00776123
0.00155925
0.000197099
-0.00019929
-0.000199269
-0.00374107
0.000149901
3.84058e-06
0.000149835
-0.00621184
0.000150354
0.000149864
7.00252e-06
-0.00616413
0.00250477
-0.00207049
-0.000933643
0.000150054
0.00189458
-0.000153184
0.00448693
0.00580922
-0.00230121
-0.00252184
0.000201124
-0.0159657
0.00283798
-0.000154489
0.000107947
0.000107972
-0.00395383
-8.18107e-05
-0.000155528
-8.19056e-05
-0.00890382
-8.11639e-05
-8.18641e-05
-0.000153425
-0.00709648
0.00504106
-0.00611153
-0.00189889
-8.15927e-05
-7.09334e-05
2.24705e-05
0.00109278
-0.00112133
-0.00336243
-0.000312483
-7.15959e-05
-0.000979859
0.000574941
0.000768574
-0.00075229
-0.000752234
-0.00194466
0.00047141
2.04578e-05
0.000471213
-0.00102935
0.000472755
0.000471299
2.22602e-05
-0.00270395
-0.000481698
0.00338043
-0.000256573
0.000471863
-9.00916e-05
0.000114811
-0.000758197
-0.00033687
0.00157464
4.39752e-05
-0.000104584
0.000402246
0.000464753
0.000169846
-0.000176699
-0.000176693
0.00112281
-1.18331e-06
0.000116556
-1.20858e-06
0.00126208
-1.0112e-06
-1.19753e-06
0.000114813
0.00146645
-0.00112318
0.00221729
-9.9245e-05
-1.12525e-06
0.000740504
0.000103222
-9.49485e-05
0.00315547
0.00113413
-0.000121895
-9.29134e-05
-0.00239577
0.00149546
0.000349853
-0.000306961
-0.00030693
-0.000116934
0.000147221
0.000104195
0.000147122
8.15148e-05
0.000147901
0.000147165
0.000103153
-8.54998e-05
0.00250811
0.00204267
-8.47999e-05
0.00014745
0.00171806
2.8887e-05
0.00338233
0.00189201
-0.0041325
-0.00131338
-1.5531e-05
-0.00616434
0.00155763
-0.000123595
0.000185859
0.000185857
-0.00407617
-0.000242306
2.49691e-05
-0.000242334
-0.00598814
-0.000242121
-0.000242322
2.87198e-05
-0.00633481
0.0022765
0.00157771
-0.000785421
-0.000242244
0.0010796
0.0002166
0.00228697
0.00277459
-0.00201924
-0.00097363
-0.000201556
-0.00686603
0.00178913
0.000434377
-0.000422965
-0.000422948
-0.00241171
0.000110441
0.000213271
0.000110371
-0.00420018
0.00011092
0.000110402
0.000216448
-0.0039902
0.00347285
-0.00409678
-0.000742721
0.000110603
0.00190477
9.70571e-05
0.00346152
0.00840441
-0.00271985
-0.00136402
-7.43391e-05
-0.0108108
0.00292527
0.000158156
-0.000130559
-0.00013056
-0.00398514
-4.52739e-05
9.40022e-05
-4.52994e-05
-0.00577679
-4.51018e-05
-4.52883e-05
9.68696e-05
-0.00525336
0.00910678
-0.00657784
-0.00102348
-4.52156e-05
-0.00241351
-0.000309612
-0.00258216
-0.0109096
0.00183402
0.000733174
0.000282582
0.00922503
-0.00196185
0.000130475
-0.000211161
-0.000211104
0.0013375
0.000474458
-0.000304825
0.000474281
0.00363382
0.000475664
0.000474358
-0.000309526
0.00304247
-0.0115823
0.00646079
0.000545723
0.000474864
0.000372043
-0.000126752
0.0031214
-0.00188029
-0.00404193
-0.00133928
0.000123984
-0.00518439
0.00128168
0.000396253
-0.000430644
-0.000430587
-0.0036584
0.000462591
-0.000128981
0.000462346
-0.00606937
0.000464259
0.000462453
-0.000126924
-0.00637679
-0.00265016
0.00333447
-0.00092895
0.000463153
-0.00449364
-0.00139407
0.00178262
-0.00104967
-0.00629312
-0.00322598
0.00136813
-0.000146841
-0.00477235
-0.00043732
0.000301936
0.000302225
-0.013547
0.000314079
-0.0013967
0.000312873
-0.00559466
0.000322309
0.0003134
-0.00139494
-0.00522802
-0.0122728
0.00770497
-6.89384e-05
0.000316852
-0.0210349
-0.000320929
-0.0653898
0.0258343
0.086909
0.0162462
0.000420979
0.0865072
-0.022454
0.0020434
-0.00187972
-0.00187911
0.0415841
-0.00185547
-0.000234099
-0.00185791
0.114776
-0.0018389
-0.00185684
-0.000320876
0.116528
-0.00277108
-0.00508024
0.0133136
-0.00184989
-0.00259879
-0.000375689
-0.00344514
0.00168846
0.00224553
0.000345208
0.00034304
0.00445064
-0.00296587
0.000234167
-0.000292215
-0.000292094
-0.00177333
0.000185807
-0.000369726
0.000185362
0.00461059
0.000188845
0.000185556
-0.000375863
0.00307154
-0.00267357
0.00454819
0.00101586
0.000186831
-0.000693971
3.89154e-05
-0.000484827
-0.00493344
0.0002962
-0.000197616
-3.13794e-05
0.00259578
-0.000976256
-0.000331642
0.000278225
0.000278232
-0.000369423
-0.000247715
3.84051e-05
-0.00024776
-7.296e-05
-0.000247412
-0.00024774
3.88868e-05
0.000653301
-0.00668048
0.00380319
-4.77193e-05
-0.000247613
0.000744213
2.61511e-05
0.00195283
0.0012398
-0.00281568
-0.000715943
-3.25059e-05
-0.00405201
0.000834884
0.000128155
-0.000111617
-0.000111603
-0.00268631
3.16041e-05
2.32823e-05
3.15454e-05
-0.00349144
3.20038e-05
3.15711e-05
2.6025e-05
-0.00389813
0.00182592
-0.000862299
-0.000405119
3.17389e-05
-7.01667e-05
4.18125e-05
0.000327105
-0.00125894
-0.000819482
-0.000212722
-4.66896e-05
-0.00047367
3.45794e-05
0.000177027
-0.000180967
-0.000180956
-0.000671629
6.92914e-05
4.10407e-05
6.92628e-05
-0.000704918
6.94857e-05
6.92753e-05
4.17581e-05
-0.000817343
-0.000852494
-0.000330072
-0.000135515
6.9357e-05
0.000883118
0.000175503
0.00134785
0.00294998
-0.00131162
-0.000672259
-0.000172196
-0.00444744
0.00137987
0.00039232
-0.000354112
-0.000354088
-0.00203075
0.00012177
0.000173143
0.000121674
-0.00232849
0.000122426
0.000121716
0.000175355
-0.00242891
0.00353639
-0.00183981
-0.00041188
0.000121992
-0.000549492
1.31096e-05
-0.000817476
-0.0022505
0.00118649
-6.51145e-05
-1.27027e-05
0.00119517
0.00032548
0.000360693
-0.000393228
-0.000393184
0.00076901
0.000255881
1.41797e-05
0.000255702
0.00116879
0.000257104
0.00025578
1.30268e-05
0.00113996
-0.00267427
0.00219211
-0.000106307
0.000256293
0.000490355
0.000136187
0.00125949
0.000992807
-0.0026672
-0.000408664
-0.000153426
-0.00167412
1.25981e-05
0.000225458
-0.000203238
-0.000203221
-0.00239353
2.57417e-05
0.000133519
2.56731e-05
-0.00202171
2.62085e-05
2.57031e-05
0.000136079
-0.0031726
0.00176705
0.000342979
-0.000188346
2.58992e-05
-2.29182e-05
-1.60668e-05
0.00227036
-0.00307489
-0.00466746
-0.000899724
-1.09282e-05
-0.00157595
-0.000387944
0.000203504
-0.000226802
-0.000226771
-0.00300061
0.000193271
-2.06154e-05
0.000193127
-0.00387399
0.000194254
0.00019319
-1.62196e-05
-0.00531936
-0.00327302
0.00604749
-0.000553481
0.000193603
-0.000250643
-0.000296242
0.00278867
-0.00449933
-0.00543929
-0.00120231
0.000257265
-0.00373473
-0.000429669
-0.000267689
0.000227215
0.000227222
-0.00435852
-9.74297e-05
-0.000296885
-9.74225e-05
-0.00631788
-9.7481e-05
-9.74256e-05
-0.00029641
-0.0075308
-0.00485507
0.00543114
-0.00059862
-9.74466e-05
0.00341018
-0.000572455
0.0099293
-0.00077862
-0.0102343
-0.00451457
0.000570583
-0.0299427
0.00966634
0.000789916
-0.000748665
-0.000748552
-0.0102945
0.000742719
-0.000578382
0.000742137
-0.0205091
0.000746683
0.000742391
-0.000572925
-0.020088
-0.00566405
0.0183149
-0.00336812
0.000744056
0.00220193
-0.00114467
0.00886156
-0.0059093
-0.00840113
-0.00413125
0.0010999
-0.0268188
0.0139853
0.00204086
-0.00200878
-0.00200854
-0.00868267
0.00198614
-0.00114082
0.0019851
-0.018332
0.00199327
0.00198555
-0.00114543
-0.0179596
-0.00768198
0.0123829
-0.00319722
0.00198855
0.0107592
-0.00937645
0.121914
-0.0753632
-0.185021
-0.0485742
0.00898309
-0.137264
0.00421916
-0.0110497
0.00863597
0.00863711
-0.17769
0.000506812
-0.00951376
0.00049961
-0.198483
0.000555903
0.000502757
-0.00938332
-0.209657
-0.109339
0.11659
-0.0372979
0.00052336
0.0184907
0.00180952
0.0957161
0.0210728
-0.115436
-0.0439569
-0.00149725
-0.172341
0.024319
-0.00147455
-0.00174044
-0.00173911
-0.152711
-0.00166612
0.00170242
-0.00167509
-0.130963
-0.00160505
-0.00167117
0.00180374
-0.133855
-0.0315061
0.0790666
-0.0445852
-0.00164553
0.00769122
0.000962968
0.0143435
0.0108702
-0.0114465
-0.00773401
-0.000802156
-0.0328265
0.00576419
-0.00157212
0.00135429
0.00135443
-0.0208468
-0.00238607
0.000942119
-0.00238733
-0.0224771
-0.00237747
-0.00238678
0.000961731
-0.0239661
0.00768096
0.00210893
-0.00705029
-0.00238317
0.00383609
-0.000426155
0.00885574
0.0125269
-0.00995444
-0.00358343
0.000448103
-0.0207314
0.00825698
0.00185062
-0.00189571
-0.00189544
-0.0117113
0.00177679
-0.000434751
0.0017756
-0.0121644
0.0017849
0.00177612
-0.000426758
-0.013409
0.0121336
0.000241788
-0.00283966
0.00177953
0.000182479
2.17789e-05
-0.000454255
-0.000527292
0.00187666
-0.000173623
1.27375e-05
0.000558032
0.00063103
-0.000106177
7.56627e-05
7.56784e-05
0.00065037
-0.000103114
2.1964e-05
-0.000103171
0.00101862
-0.000102723
-0.000103146
2.17429e-05
0.00157838
-0.00110471
-0.000977081
-0.000349494
-0.000102982
0.00130855
-0.000151202
0.00319862
0.00482118
-0.00378404
-0.00136005
0.000154813
-0.00800817
0.00183138
-0.000162487
0.000203425
0.000203425
-0.00448671
-0.000106727
-0.00015414
-0.000106764
-0.00582869
-0.000106477
-0.000106748
-0.000151356
-0.00572789
0.00395542
0.00174437
-0.000706884
-0.000106643
0.00142154
8.94662e-05
0.00267764
0.00491968
-0.00134923
-0.00129422
-6.35859e-05
-0.0101641
0.00256549
0.000474904
-0.000472508
-0.000472465
-0.00305056
0.000247573
8.83713e-05
0.00024741
-0.0054583
0.000248685
0.000247481
8.93104e-05
-0.0046986
0.00434851
-0.00272067
-0.000933054
0.000247947
0.00093193
3.34848e-07
0.00298376
-0.000564087
-0.0034726
-0.00132589
1.09969e-05
-0.00662644
0.00128566
0.000226907
-0.000231403
-0.000231378
-0.00327765
0.000152154
-3.70649e-06
0.000152078
-0.00613273
0.000152667
0.000152111
1.65066e-07
-0.00598222
-0.00041558
0.000159543
-0.000914467
0.000152327
0.00126905
-0.00021922
0.00610583
0.000760418
-0.00869579
-0.00256397
0.000199285
-0.0118088
0.00154745
0.000128004
-0.000164564
-0.000164519
-0.00751264
0.000133892
-0.000225008
0.000133713
-0.0114591
0.00013511
0.000133791
-0.000219608
-0.0129285
0.00142619
0.00107852
-0.00160676
0.000134303
0.000765153
0.000244418
0.00568422
-0.0113651
-0.00924215
-0.00273918
-0.000261837
-0.00719773
8.08125e-05
0.000535162
-0.000559972
-0.00055988
-0.0082394
9.72206e-05
0.000237676
9.68927e-05
-0.0128785
9.94541e-05
9.7036e-05
0.000243982
-0.0153816
-0.0115915
0.0111619
-0.00157325
9.79739e-05
-0.000182269
0.000129877
0.00164077
-0.00579793
-0.00403121
-0.000752097
-0.000157105
-0.00100896
0.000165143
0.00069867
-0.000706277
-0.000706224
-0.00250655
0.000369456
0.000126843
0.000369327
-0.00351381
0.000370339
0.000369383
0.000129702
-0.00466199
-0.00626185
0.00747455
-0.000436438
0.000369754
0.000520542
-9.71112e-05
0.00282834
-0.00185933
-0.00340526
-0.00129542
0.000106752
-0.00417881
0.000831485
-5.09383e-05
2.7885e-05
2.79032e-05
-0.00282155
6.26896e-05
-0.000102397
6.2577e-05
-0.00497478
6.34575e-05
6.26262e-05
-9.73194e-05
-0.00429592
-0.00125486
-0.00250352
-0.000995186
6.29485e-05
0.000709215
9.3983e-05
0.00263464
0.00151858
-0.00285742
-0.00154158
-8.43256e-05
-0.00741183
0.000743229
-0.000192131
0.000153058
0.000153046
-0.00296035
-0.000310086
8.66099e-05
-0.000310039
-0.00440552
-0.000310407
-0.00031006
9.37064e-05
-0.00373096
0.00149081
-0.00323979
-0.00134165
-0.000310194
-0.000641512
-0.000327567
0.00169429
-0.00278835
-0.00277644
-0.000918083
0.000308326
-0.00225688
6.6933e-05
-0.000237942
0.000180553
0.000180566
-0.00283719
7.35144e-05
-0.000329902
7.34024e-05
-0.00331369
7.4278e-05
7.34513e-05
-0.000327723
-0.00304662
-0.00234199
-0.00157883
-0.000539532
7.37717e-05
-0.000741629
-0.000262139
0.00256063
-0.0067295
-0.00607013
-0.00092758
0.000205551
-0.00131889
-0.000952659
-0.000213674
0.000174949
0.000174945
-0.00480905
-7.82423e-05
-0.00026292
-7.82491e-05
-0.00580392
-7.81996e-05
-7.82461e-05
-0.000262277
-0.00800189
-0.00490071
0.00199732
-0.000408741
-7.82271e-05
-0.0010753
-0.000281078
7.75789e-05
-0.00557421
-0.00156242
-0.000295011
0.000245912
0.000850209
-0.000992711
-0.000346862
0.000290419
0.000290422
-0.000653011
-0.00011893
-0.0002846
-0.000118993
0.000250079
-0.000118499
-0.000118965
-0.000281231
7.92477e-05
-0.00521911
0.000215806
-0.000406046
-0.000118784
-0.00122508
-0.000647441
-0.00424191
0.0019014
0.00658525
0.00101439
0.000661112
0.00724462
0.000843565
-0.000149646
0.000136356
0.000136424
0.00323341
0.000226534
-0.000640183
0.000226247
0.0098759
0.000228495
0.000226372
-0.000647493
0.0116248
0.000954624
-0.0034393
0.000489155
0.000227195
-0.000606007
-0.000406539
0.000349402
-0.001266
-0.00223511
9.44158e-05
0.000362041
0.0031534
-0.000790604
-7.63672e-06
-1.03614e-05
-1.0328e-05
-0.000780989
0.000235425
-0.00040837
0.000235255
0.0016763
0.000236587
0.000235329
-0.000406751
6.37405e-06
0.000339213
-0.000205757
-0.000147957
0.000235817
0.000776613
0.000151169
0.00125044
0.0012714
-0.00123002
-0.000568501
-0.000141586
-0.00379736
0.00105143
0.000235978
-0.000227988
-0.000227977
-0.00158886
-2.44578e-05
0.000149484
-2.44863e-05
-0.00236368
-2.42641e-05
-2.44739e-05
0.000151071
-0.00247248
0.000980686
0.00111133
-0.000490239
-2.43924e-05
0.00163017
-0.000353534
0.0028185
0.00718663
-0.00274124
-0.00101106
0.000352937
-0.00784561
0.00387924
0.00045899
-0.00041438
-0.000414325
-0.00283621
0.000479696
-0.0003567
0.0004795
-0.00289654
0.000481038
0.000479586
-0.000353854
-0.00189081
0.00817734
-0.00665194
-0.000901788
0.000480149
0.000685697
-0.000292991
0.0038051
0.000817622
-0.0058361
-0.0012656
0.000268552
-0.00594752
0.00171611
0.000193831
-0.000190929
-0.000190896
-0.00502095
0.00034345
-0.000297577
0.000343315
-0.00596383
0.000344365
0.000343374
-0.000293242
-0.00616318
0.0018685
-0.00328657
-0.000834742
0.000343758
-3.03672e-06
-9.61111e-06
-0.000519853
0.000416562
0.00069245
0.000117453
4.46057e-06
0.00104238
-3.17797e-06
-4.63874e-05
5.8148e-05
5.81452e-05
0.000472373
-0.00013482
-7.99124e-06
-0.0001348
0.00119974
-0.000134961
-0.000134809
-9.67622e-06
0.00100546
0.000660863
-0.00081649
-9.55587e-06
-0.000134868
-9.90903e-05
-0.000198927
0.000929276
-0.00169836
-0.00128748
-0.000394338
0.00020156
-0.000249649
0.000218017
-8.67591e-05
4.83882e-05
4.8408e-05
-0.00114352
0.000122542
-0.000199413
0.000122463
-0.00157681
0.000123079
0.000122497
-0.000199013
-0.00124643
-0.00193109
0.000234604
-0.000344756
0.000122723
0.000860957
-4.81962e-05
0.00108424
0.00431565
-0.000385233
-0.000409128
5.91151e-05
-0.00434735
0.00199935
0.0003204
-0.000294798
-0.000294771
-0.000982064
0.000254711
-4.78764e-05
0.0002546
-0.00157533
0.000255473
0.000254649
-4.82686e-05
-0.00108252
0.00387191
-0.000833028
-0.000335721
0.000254968
0.000360274
-8.16758e-05
0.00185111
-0.0011508
-0.00278546
-0.000774887
7.53674e-05
-0.00293815
0.000841761
0.000213319
-0.000233296
-0.00023326
-0.00229
0.000287404
-8.45037e-05
0.000287274
-0.00333506
0.000288288
0.000287331
-8.1789e-05
-0.00366192
-0.000316557
-0.000885304
-0.000497986
0.000287702
0.00042362
-5.54164e-05
0.0014968
0.00146856
-0.00229892
-0.000650186
4.60644e-05
-0.0029672
0.000343096
-7.88281e-05
7.74115e-05
7.74069e-05
-0.00164072
-7.78802e-05
-5.72276e-05
-7.78504e-05
-0.00223442
-7.80843e-05
-7.78634e-05
-5.55337e-05
-0.0024635
0.0018272
-0.00067357
-0.000448034
-7.79488e-05
0.00111902
8.67412e-05
0.00209184
0.0041388
-0.001876
-0.000863432
-7.46683e-05
-0.00636267
0.00149892
7.60743e-05
-6.64614e-05
-6.64572e-05
-0.00229954
-4.19421e-05
8.39571e-05
-4.19514e-05
-0.00355087
-4.1879e-05
-4.19473e-05
8.66142e-05
-0.0031152
0.00387374
-0.00127296
-0.000590028
-4.19208e-05
-0.000541641
-0.000158413
-0.000643877
-0.00229454
0.000820624
2.32873e-05
0.000163104
0.00131904
-6.02417e-05
-3.52778e-06
-8.89135e-06
-8.88118e-06
0.00097024
6.33872e-05
-0.000157331
6.33438e-05
0.000820249
6.36836e-05
6.33627e-05
-0.000158422
0.00144363
-0.00347523
0.00219192
-9.45786e-06
6.3487e-05
0.000211479
0.000251041
0.000225866
-0.000671986
0.000266525
-0.00032341
-0.000240414
-0.00195425
0.000685283
0.000370344
-0.000392408
-0.000392385
-7.90245e-05
9.88883e-05
0.000249122
9.88112e-05
-0.000350235
9.94136e-05
9.88449e-05
0.000250972
0.000180391
-0.000307334
-0.00262304
-0.000415053
9.90654e-05
0.000429552
-0.000203415
0.00401688
-0.00449869
-0.00629951
-0.00173776
0.00019441
-0.00376113
0.00021762
-0.000428643
0.00039236
0.000392367
-0.00488251
-0.000148665
-0.000209028
-0.000148705
-0.0076914
-0.000148395
-0.000148688
-0.000203642
-0.00809289
-0.00448176
0.00320282
-0.000984899
-0.000148574
-0.00194667
-7.13732e-06
-0.000640695
-0.0113284
-0.00129978
-0.000254485
-1.15321e-05
0.00520861
-0.00240889
-0.000131227
2.70535e-05
2.7071e-05
5.32478e-06
-0.000140154
-5.53684e-06
-0.000140184
-0.0003478
-0.000139946
-0.000140171
-7.15194e-06
-0.00159206
-0.0131895
0.0110783
2.49291e-05
-0.000140083
-0.000175176
-0.000174192
0.00103879
-2.67171e-05
-0.000914866
-0.000510287
0.000143922
-0.0044786
0.00187147
0.000731718
-0.00075732
-0.000757243
-0.00253579
0.000607818
-0.000168589
0.000607528
-0.00258097
0.000609799
0.000607655
-0.000174348
-0.00326492
-0.000187252
0.000387805
-0.000400868
0.000608486
0.0018515
-6.69613e-05
0.00343331
0.0108819
-0.00348454
-0.00144106
6.53798e-05
-0.0111828
0.0027875
0.000100388
-8.93424e-05
-8.93197e-05
-0.00424251
0.000101952
-7.10903e-05
0.000101833
-0.00482592
0.000102763
0.000101885
-6.71975e-05
-0.00507225
0.0106974
-0.00351837
-0.00100017
0.000102225
0.00038437
-9.12546e-05
0.000400638
-0.00114748
-0.000446481
-0.000359782
9.63008e-05
-0.000737147
0.000412806
-8.05592e-05
0.000101578
0.000101598
-0.000910866
-6.82206e-06
-9.19153e-05
-6.90958e-06
-0.00100527
-6.22603e-06
-6.87133e-06
-9.13048e-05
-0.000750783
-0.000959861
-0.000249991
-0.000188677
-6.62103e-06
0.000981186
-2.4115e-05
0.00154781
0.00465351
-0.00155271
-0.000527757
2.64307e-05
-0.00449657
0.00166117
0.000200012
-0.000172545
-0.000172532
-0.00188202
0.000105091
-2.50161e-05
0.000105041
-0.00219386
0.000105428
0.000105063
-2.42291e-05
-0.00228616
0.00481591
-0.00116892
-0.000370681
0.000105205
0.000338925
-9.59179e-05
0.00190387
-0.00380892
-0.00250505
-0.000784479
0.000108939
-0.00135817
0.000873971
-6.89914e-05
5.06794e-05
5.06958e-05
-0.00161545
3.60829e-05
-9.84387e-05
3.60268e-05
-0.00376592
3.64661e-05
3.60513e-05
-9.60162e-05
-0.00343087
-0.00466197
0.00476995
-0.000465856
3.6212e-05
0.00175458
1.4936e-05
0.00565253
0.00211106
-0.00828894
-0.00193617
-2.99612e-05
-0.0099577
0.00160549
0.000110806
-9.57907e-05
-9.57815e-05
-0.00681322
-1.14619e-05
7.85529e-06
-1.14793e-05
-0.00974574
-1.13442e-05
-1.14717e-05
1.46604e-05
-0.0107369
0.00317428
-0.000404892
-0.00116588
-1.14221e-05
0.000848271
6.90851e-05
0.00154012
0.00249376
-0.00133931
-0.000796526
-5.64458e-05
-0.00491084
0.0014345
0.000280426
-0.000267166
-0.000267147
-0.00159025
0.000168275
6.59838e-05
0.000168227
-0.00264162
0.000168599
0.000168248
6.89828e-05
-0.00223235
0.0027645
-0.00237282
-0.000612414
0.000168384
0.000116657
-4.83681e-05
0.00179798
-0.00207064
-0.00314975
-0.000692902
3.89815e-05
-0.00180127
0.000465991
0.00013268
-0.000139452
-0.000139444
-0.00214509
2.56453e-05
-4.9188e-05
2.56263e-05
-0.00326796
2.57733e-05
2.56346e-05
-4.85051e-05
-0.00379773
-0.00247403
0.00339387
-0.000482737
2.56887e-05
-0.000253584
-0.000427317
0.00335209
-0.00890483
-0.00754272
-0.00150303
0.000383801
-0.000911155
0.000250269
7.96359e-05
-7.82845e-05
-7.82253e-05
-0.00498362
0.00023299
-0.000429035
0.000232801
-0.00711875
0.00023428
0.000232884
-0.00042756
-0.00912553
-0.0112465
0.0183349
-0.000476551
0.000233425
0.000414963
9.59422e-05
0.00219635
-0.000522213
-0.00374069
-0.000730117
-0.000112346
-0.00316192
0.000348673
0.000411535
-0.000427514
-0.000427478
-0.00315391
0.000251193
9.2196e-05
0.000251063
-0.00390595
0.00025208
0.00025112
9.57713e-05
-0.00471199
0.000527797
-0.00142982
-0.000521728
0.000251492
-3.59622e-05
-1.57361e-05
0.00301731
-0.00371869
-0.00570835
-0.00109173
-1.44826e-05
-0.00317976
-0.000648512
-0.000120309
8.25187e-05
8.25188e-05
-0.00424017
-0.000138748
-1.9027e-05
-0.000138732
-0.00613195
-0.000138853
-0.000138739
-1.59145e-05
-0.0073862
-0.0032696
0.00238515
-0.000478186
-0.000138783
-0.000254847
-0.000160554
-3.37543e-06
4.17158e-05
0.000116581
-0.000245369
0.00015941
-0.00137736
0.000734128
0.000215482
-0.000202223
-0.000202199
-0.000808863
0.00015466
-0.000158235
0.000154572
-0.000631881
0.000155258
0.000154611
-0.000160617
-0.00043997
-0.000616523
0.000898363
-4.94362e-05
0.000154862
9.79797e-05
-0.000557577
0.0048623
-0.00477115
-0.0083765
-0.00193988
0.000524403
-0.0031382
0.00108821
3.01784e-05
-9.01477e-05
-9.00525e-05
-0.0067324
0.000500567
-0.000562349
0.000500188
-0.00782501
0.000503151
0.000500354
-0.000557972
-0.00879703
-0.00600752
0.0074203
-0.0011134
0.000501438
-0.00457251
-0.000748197
-0.00563296
-0.0107698
0.00279559
0.0011666
0.000677117
0.0142006
-0.00504407
-0.000485713
0.000274828
0.000274951
0.000183856
-0.00036665
-0.000738364
-0.000367156
0.00971807
-0.000363198
-0.000366935
-0.000748544
0.00689283
-0.0155116
0.0158404
0.00107859
-0.000365486
0.000430814
-6.35098e-05
-0.00191621
0.00316361
0.00328458
0.000509122
7.2269e-05
0.00168026
0.000681402
-0.000133947
0.000169063
0.000169072
0.00113456
-0.000329016
-6.01838e-05
-0.000329055
0.00428094
-0.000328757
-0.000329038
-6.36107e-05
0.00462762
0.00301065
-0.000790491
0.000123583
-0.000328929
0.00109784
-4.2927e-05
0.00245452
0.00172592
-0.00321887
-0.000929006
4.76236e-05
-0.00421696
0.000899222
-0.000223374
0.000245225
0.000245224
-0.00308085
-0.000207329
-4.55708e-05
-0.000207333
-0.0042564
-0.000207301
-0.000207331
-4.30628e-05
-0.00463308
0.00171772
0.00161437
-0.000492085
-0.000207319
-0.00228514
-0.000397201
0.00108122
-0.0148307
-0.00621575
-0.000344793
0.000321338
0.00835115
-0.00343281
-0.000648736
0.000555195
0.000555179
-0.00243593
-0.000261547
-0.000399554
-0.000261513
-0.00210953
-0.000261785
-0.000261528
-0.000397343
-0.00486143
-0.0142647
0.0119248
-6.28926e-06
-0.000261627
0.00149143
-0.000208287
0.00583413
-0.00252387
-0.00834617
-0.0020525
0.000193542
-0.00996965
0.00211294
0.000388097
-0.000402122
-0.000402057
-0.00689973
0.000486117
-0.000213801
0.000485917
-0.0108881
0.000487477
0.000486004
-0.000208536
-0.0116414
-0.00219113
0.00212355
-0.00141924
0.000486575
0.000563044
-7.41483e-05
0.00124808
-0.000404764
-0.00194387
-0.000553045
7.34684e-05
-0.00176945
0.000486801
-0.000128741
0.000160185
0.00016019
-0.00225827
-0.00011068
-7.59309e-05
-0.000110699
-0.00256324
-0.00011055
-0.000110691
-7.42352e-05
-0.00276503
0.000400937
-0.000546114
-0.0001983
-0.000110636
0.00117924
-0.000289352
0.00215492
0.00321377
-0.0003954
-0.00123792
0.00031468
-0.00814135
0.00361362
0.00037733
-0.000343036
-0.000342989
-0.00204489
0.000387718
-0.00028681
0.000387548
-0.00402131
0.000388879
0.000387622
-0.000289488
-0.00305921
0.00316465
-0.000527653
-0.000867103
0.000388109
0.00312316
-0.000234098
0.00533045
0.0146666
-0.00411378
-0.00207131
0.000261112
-0.0157157
0.00469164
-0.000149919
0.000178234
0.000178243
-0.00488251
2.08153e-05
-0.000237012
2.07835e-05
-0.00746676
2.10318e-05
2.07974e-05
-0.000234375
-0.00644306
0.0150827
-0.00878705
-0.00154814
2.08883e-05
0.000659692
-0.000100246
0.000563661
0.00288615
0.000542095
-0.000383006
0.000119401
-0.00344848
0.00188867
0.00034506
-0.000333973
-0.000333932
-0.000144992
0.000362055
-0.000101168
0.000361904
-0.000679088
0.000363084
0.00036197
-0.000100327
0.000282315
0.0024506
-0.00200178
-0.000391548
0.000362402
0.000730592
0.00010807
0.00217017
-0.00188962
-0.00340262
-0.000845804
-0.000107248
-0.00288375
0.000595733
0.000145113
-0.000134682
-0.00013467
-0.00240999
-1.74931e-05
0.000104672
-1.75113e-05
-0.00404472
-1.73696e-05
-1.75033e-05
0.000107946
-0.00443313
-0.0015691
0.00212421
-0.000507783
-1.74513e-05
0.000105039
-0.000124104
0.000809674
0.000785903
-0.00152712
-0.000295317
0.00011149
-0.00125637
2.1268e-05
-7.8364e-05
7.54435e-05
7.54439e-05
-0.00109797
-3.63248e-05
-0.000125543
-3.63291e-05
-0.000944191
-3.62956e-05
-3.63273e-05
-0.000124215
-0.0011789
0.00144834
-0.00195774
-0.000201936
-3.63149e-05
-0.000108969
-6.97988e-05
-0.000113995
-0.000746811
0.000802845
-0.00020459
7.73295e-05
-0.000649272
0.000836476
4.79511e-05
-5.9939e-05
-5.99312e-05
0.000230009
1.87677e-05
-6.91548e-05
1.87284e-05
-0.000280781
1.90356e-05
1.87456e-05
-6.98821e-05
0.000247699
-0.000845365
-0.000400486
-0.000196245
1.8858e-05
0.00091687
-3.21364e-05
-9.57727e-05
0.00496001
0.00137231
-5.37617e-05
5.86839e-05
-0.00181235
0.0014959
3.01569e-06
2.69007e-05
2.69008e-05
0.000897245
-8.89308e-06
-3.26383e-05
-8.88839e-06
0.00125096
-8.92583e-06
-8.89043e-06
-3.21578e-05
0.00188347
0.00444882
-0.000883251
-0.000256071
-8.90396e-06
-8.32137e-05
-0.000206033
0.000813637
-0.00176638
-0.000268417
-0.000598594
0.000216985
-0.00205356
0.000818256
3.92824e-05
-6.08424e-05
-6.08117e-05
-0.000796237
0.000202856
-0.000204262
0.000202724
-0.00264139
0.000203754
0.000202782
-0.00020609
-0.00217662
-0.00258231
0.000666822
-0.000340726
0.000203158
0.000556199
-6.09181e-05
-0.000228133
0.0038831
0.000564904
-9.7232e-05
5.87216e-05
-0.00184114
0.00152128
0.000285996
-0.000263015
-0.000262969
-0.000472717
7.89325e-05
-6.02125e-05
7.87524e-05
0.00120002
8.01607e-05
7.88311e-05
-6.10966e-05
0.00105056
0.00342953
-0.000146831
-0.000129554
7.93464e-05
0.000473007
-4.88554e-05
-0.000179779
0.0048274
0.00206178
-0.000168938
7.85465e-05
-0.00245635
0.00170241
8.49116e-05
-7.79304e-05
-7.79212e-05
0.000880272
6.83067e-05
-4.68689e-05
6.82685e-05
0.000702664
6.85675e-05
6.82852e-05
-4.88894e-05
0.00186587
0.00421912
-0.00297094
-0.00019437
6.83946e-05
0.00152251
0.000216336
0.00269358
0.00353143
-0.00304693
-0.00110593
-0.000203094
-0.00683232
0.00162995
0.000176473
-0.000135768
-0.000135764
-0.00306086
-8.36575e-05
0.000211598
-8.36844e-05
-0.00451002
-8.34745e-05
-8.36727e-05
0.000216203
-0.00452993
0.00368417
0.000192821
-0.000708547
-8.35957e-05
0.000468904
-7.34483e-05
0.000333139
0.00270643
0.000129661
-0.000199645
8.17998e-05
-0.0020373
0.00098555
1.90235e-05
-4.86084e-06
-4.85575e-06
-0.000205549
1.36463e-05
-7.39422e-05
1.36306e-05
-0.000188255
1.37539e-05
1.36375e-05
-7.35191e-05
0.000373721
0.00232151
-0.000401747
-0.000163912
1.36825e-05
-0.000234979
8.2463e-05
-0.00062218
-0.000655413
0.000635317
0.000186087
-8.7065e-05
0.00100758
-0.000311911
0.000104546
-0.000106131
-0.00010613
0.000517284
-1.23946e-05
8.3001e-05
-1.23979e-05
0.00103298
-1.23723e-05
-1.23964e-05
8.24632e-05
0.000804223
-0.00071344
0.000804361
7.28616e-05
-1.2387e-05
0.000470788
-2.28466e-05
0.00169727
-0.00127674
-0.00188658
-0.000795801
3.56967e-05
-0.00329302
0.000895063
7.41433e-05
-8.43673e-05
-8.43522e-05
-0.00159398
0.00011065
-2.47141e-05
0.000110597
-0.00360301
0.00011101
0.00011062
-2.29018e-05
-0.00324483
-0.00171577
0.00166518
-0.000523104
0.000110772
0.000880489
-4.341e-05
0.00125094
0.00335194
-0.000709315
-0.000591594
5.95072e-05
-0.00435765
0.00133881
-8.39358e-06
3.04645e-05
3.04666e-05
-0.00138369
-2.52343e-05
-4.40934e-05
-2.52398e-05
-0.00217605
-2.51975e-05
-2.52374e-05
-4.34774e-05
-0.00164518
0.00348516
-0.00228952
-0.000368322
-2.52217e-05
0.000242216
-8.56211e-05
0.00248314
-0.0040286
-0.00454335
-0.000921105
6.93538e-05
-0.00239683
0.000292653
0.000171898
-0.000178365
-0.000178338
-0.00309952
0.000198073
-8.9638e-05
0.000197984
-0.00464107
0.00019868
0.000198023
-8.57466e-05
-0.00527426
-0.00381288
0.00406673
-0.000511813
0.000198278
0.000162232
3.58515e-05
0.00114271
-0.00389052
-0.00169062
-0.000588109
-2.37671e-05
0.000316849
-0.000140849
-0.000271076
0.000245902
0.000245899
-0.000955925
-0.000198623
3.37937e-05
-0.000198618
-0.00241038
-0.000198658
-0.00019862
3.58145e-05
-0.00229469
-0.00424983
0.00372238
-0.000311337
-0.000198635
-4.69215e-05
-0.000170349
0.00179083
-0.00024379
-0.00212097
-0.000968981
0.000166104
-0.00397302
0.000695927
2.7777e-05
-6.56332e-05
-6.56047e-05
-0.002105
0.000159847
-0.000170655
0.000159725
-0.00371893
0.000160674
0.000159778
-0.000170486
-0.00376783
-0.00182032
0.00379439
-0.000567668
0.000160125
0.00113899
8.48399e-05
0.00241954
0.000294789
-0.00302957
-0.00101689
-8.3276e-05
-0.00533862
0.00155928
0.0003584
-0.000342214
-0.000342166
-0.00339938
0.000150307
8.04791e-05
0.000150119
-0.00407207
0.000151591
0.000150201
8.46336e-05
-0.00410747
0.0017161
-0.00285827
-0.000695686
0.00015074
-0.000627673
-0.00116006
0.00563596
-0.000321783
-0.00902001
-0.00173716
0.00105985
-0.00741813
0.00273363
-0.00101515
0.000873986
0.000873988
-0.00845631
-0.000230801
-0.00115848
-0.00023088
-0.00852813
-0.000230262
-0.000230845
-0.00116071
-0.00997565
0.00351852
-0.013262
-0.00135948
-0.000230619
-0.000754158
-0.000610011
0.00224794
-0.000729079
-0.00156854
-0.00121417
0.000571408
-0.00973061
0.00437676
0.00228835
-0.00231751
-0.00231725
-0.00461127
0.00237035
-0.000608111
0.00236934
-0.00524895
0.0023772
0.00236978
-0.000610375
-0.00578302
0.000572698
-0.00900663
-0.000945262
0.00237266
0.000508504
-0.0004258
0.000341547
0.00124126
-5.41539e-05
-0.000404778
0.000425153
-0.00168267
0.00207179
0.000289097
-0.000279995
-0.000279911
-0.00133009
0.000442911
-0.00042695
0.00044263
0.000516134
0.000444826
0.000442753
-0.000426102
0.00115781
0.000663326
0.00163764
-0.000411598
0.000443557
0.000955687
0.000343897
0.000343146
-0.00323751
0.00186887
-0.00127472
-0.000288672
-0.00378555
0.00230471
0.000306155
-0.000345936
-0.000345828
-0.00233338
-0.000382641
0.000344024
-0.000383115
-0.00158347
-0.000379402
-0.000382908
0.000343483
-0.000729872
-0.00294874
-0.00437127
-0.000867464
-0.000381549
0.000724181
0.000202033
0.00101556
0.00436941
-0.00071511
-0.000459818
-0.000192217
-0.00486678
0.0011986
0.000378604
-0.000364709
-0.000364701
-0.00108538
-6.5826e-05
0.000200893
-6.5821e-05
-0.00102891
-6.58613e-05
-6.58232e-05
0.000201856
-0.000492616
0.00458634
-0.00566801
-0.000441735
-6.58378e-05
0.00043721
0.000126878
-0.000277193
0.00197409
0.0014001
-9.80606e-05
-0.00010784
-0.00143597
0.000892403
0.000142821
-0.000122197
-0.000122191
0.000578358
-9.43515e-06
0.000126727
-9.45343e-06
0.00057029
-9.3104e-06
-9.44544e-06
0.000126861
0.00130956
0.00157218
-0.00112467
-0.000133111
-9.39313e-06
0.00012742
8.21666e-05
0.000645856
-0.000852614
-0.000883368
-0.000306437
-8.06074e-05
-0.00107072
0.000200504
6.77507e-05
-7.67535e-05
-7.67515e-05
-0.00079389
-2.35659e-05
8.13026e-05
-2.35699e-05
-0.00146429
-2.35386e-05
-2.35682e-05
8.21262e-05
-0.00163659
-0.000629159
0.00027987
-0.000186789
-2.35567e-05
2.89973e-05
-4.99627e-05
0.000455282
-0.000800561
-0.000829687
-0.000229458
4.71462e-05
-0.000406922
0.000223017
5.03657e-05
-5.04372e-05
-5.04289e-05
-0.000506596
4.40353e-05
-5.06379e-05
4.40088e-05
-0.000894767
4.42161e-05
4.40204e-05
-5.00221e-05
-0.000985748
-0.00076115
0.000833368
-0.000122888
4.40962e-05
0.000485134
-2.1559e-05
0.000653701
0.00139811
-0.000173153
-0.000392774
3.44611e-05
-0.00238802
0.000784978
-1.63595e-05
2.40352e-05
2.4037e-05
-0.000406865
-1.68248e-05
-2.20618e-05
-1.68274e-05
-0.00128734
-1.68068e-05
-1.68263e-05
-2.15967e-05
-0.000933244
0.00130872
-0.000694211
-0.000281917
-1.68187e-05
0.000122833
-0.000438311
-0.000683147
0.00396977
0.00307221
-2.64889e-05
0.000447119
-0.00223691
0.00258856
-0.000115578
9.41928e-05
9.42236e-05
0.00155128
0.000166988
-0.00043364
0.000166864
0.00226826
0.000167835
0.000166918
-0.000438426
0.00330542
0.0022777
-2.93918e-05
-0.000376148
0.000167273
0.00162791
-0.000261951
0.00417656
0.00116819
-0.00414922
-0.00183093
0.000277447
-0.010349
0.00478974
0.000668002
-0.00064387
-0.000643793
-0.00383561
0.000654695
-0.000264242
0.000654377
-0.00767979
0.000656861
0.000654516
-0.00026221
-0.00670964
-4.27353e-05
0.00434561
-0.0012277
0.000655425
0.000130255
-2.64018e-05
0.000101299
0.000309917
3.27253e-05
-4.10805e-05
3.08673e-05
-0.000235092
0.000439887
3.23464e-05
-2.83447e-05
-2.83399e-05
2.30354e-05
3.63596e-05
-2.68559e-05
3.63456e-05
-9.88607e-05
3.64554e-05
3.63517e-05
-2.64261e-05
3.09353e-05
-9.28801e-05
0.00103023
-6.11131e-05
3.63919e-05
-3.38664e-05
-0.000214513
0.00190372
-0.000271126
-0.00268989
-0.000840012
0.000206674
-0.00292563
0.00104331
0.000208802
-0.000229394
-0.000229353
-0.00217824
0.000412242
-0.000214926
0.000412082
-0.00352841
0.000413336
0.000412152
-0.000214617
-0.00347964
-0.00124181
0.00265644
-0.000381015
0.000412611
0.00108915
8.79269e-05
0.00192808
0.00470713
-0.00139309
-0.000801394
-7.25652e-05
-0.00593645
0.00214996
0.000288141
-0.000267632
-0.000267619
-0.00225118
0.000126824
8.59912e-05
0.000126778
-0.00318271
0.000127135
0.000126798
8.78006e-05
-0.00290058
0.0052887
-0.00375978
-0.000568851
0.000126929
0.000528944
-5.64752e-05
0.00135191
0.00160128
-0.00180253
-0.000528074
5.57967e-05
-0.00322811
0.000731149
2.14939e-05
-1.05133e-05
-1.05092e-05
-0.00183509
1.1719e-05
-5.77872e-05
1.17092e-05
-0.0024556
1.17846e-05
1.17135e-05
-5.6551e-05
-0.00250759
0.00167768
-0.000105494
-0.000286394
1.17413e-05
8.88219e-05
-2.5873e-06
-0.000761152
0.00177554
0.00187862
0.000109775
1.52141e-05
-0.000206766
0.000654474
0.000128682
-0.000122286
-0.000122277
0.00126357
8.28139e-05
-1.5112e-06
8.27835e-05
0.00153653
8.30215e-05
8.27968e-05
-2.59637e-06
0.00205236
0.0015766
-0.00136908
-3.81582e-05
8.28839e-05
-0.000398743
-0.0001067
0.000397216
-0.00238673
-0.00137926
-1.92372e-05
9.00766e-05
0.00116343
-0.000706227
-0.000216695
0.000181316
0.000181315
-0.000878816
-0.000109295
-0.00010658
-0.00010931
-0.000781742
-0.000109196
-0.000109304
-0.000106751
-0.00126148
-0.00234461
0.00139224
5.20206e-05
-0.000109262
0.000900557
-9.63003e-05
0.00217591
-0.000734054
-0.00282146
-0.000927453
9.89949e-05
-0.00372934
0.0010806
0.000112995
-8.10031e-05
-8.09771e-05
-0.0026816
0.000104619
-9.74281e-05
0.000104523
-0.00403467
0.000105278
0.000104565
-9.64048e-05
-0.00450122
0.000261655
0.000935823
-0.000489379
0.000104841
0.000376826
3.83562e-05
0.00113674
0.00358703
-0.00209616
-0.000351628
-5.94749e-05
-0.00249034
0.00136626
0.00073482
-0.000705607
-0.000705552
-0.00174076
0.000578167
3.61807e-05
0.000577956
-0.000796794
0.000579608
0.000578048
3.82117e-05
-0.00146261
0.00340457
0.00149641
-0.000178454
0.000578652
-0.000442668
0.000216416
0.000183797
-0.00287591
-0.001024
-0.000166916
-0.000223223
0.000983783
-0.00105879
3.29245e-05
-6.01069e-05
-6.01167e-05
-0.00086546
-0.000170733
0.000215355
-0.000170698
-0.00088874
-0.000170968
-0.000170713
0.000216389
-0.00135656
-0.00282817
0.00157462
-9.26446e-05
-0.000170812
0.0201862
-0.123056
0.0608585
-0.075881
0.117892
-0.110077
-0.130423
-0.101164
-0.156088
0.497753
0.150715
-0.37686
0.321784
0.106507
-0.202145
-0.158924
0.153533
0.287937
-0.179984
-0.102562
-0.172993
0.424805
-0.389177
-0.238973
0.376338
-0.0297353
0.105026
-0.102597
-0.0161658
0.0434724
0.0794197
0.125967
0.0955976
0.153119
-0.454103
-0.0996595
0.687715
-0.623556
0.198419
-0.162918
0.352461
-0.088114
0.0400814
-0.206783
-0.0976452
0.352133
-0.176484
-0.244202
-0.331771
0.400323
-0.379123
0.171129
0.240927
0.324616
-0.357549
-0.379124
0.171129
0.240926
0.324617
-0.357549
-0.0804702
0.328925
-0.293508
-0.0992969
0.14435
0.467408
-0.0423866
-0.149426
-0.177101
-0.098494
-0.110023
-0.129757
-0.10143
-0.156264
0.497475
0.467409
-0.0423865
-0.149424
-0.177104
-0.0984937
-0.1816
0.540469
-0.558273
-0.134916
0.33432
0.467398
-0.0423871
-0.149438
-0.177077
-0.0984961
0.467408
-0.0423865
-0.149425
-0.177103
-0.0984938
-0.110068
-0.130402
-0.101174
-0.156094
0.497738
-0.101365
0.669678
-0.380874
-0.0494933
-0.137945
-0.343892
0.214515
0.349181
-0.423802
0.203997
0.166343
-0.532292
-0.533428
0.62913
0.270247
-0.0110931
0.0620545
-0.0374349
0.000732912
-0.0142593
0.467404
-0.0423868
-0.14943
-0.177093
-0.0984947
0.017121
-0.0400743
-0.0184029
0.0188156
0.00522591
-0.0411092
-0.00856139
-0.0315744
-0.0298314
0.043254
-0.0325365
-0.0345382
-0.037939
0.0347816
-0.0227239
0.0422928
-0.0148602
-0.0164565
0.0390106
-0.0323531
-0.0297603
0.0377166
-0.0301745
-0.0249813
0.0175163
-0.143721
-0.743638
0.546422
0.538205
-0.197269
