CLASSIFICATION
3
270
25
5
sigmoid
softmax
-5.68257e-05
-0.000494566
0.000292112
-7.55156e-05
0.000165116
-2.50592e-05
8.67533e-06
1.1683e-06
0.00114901
-0.000236717
3.04567e-06
3.65705e-06
-2.71641e-05
1.16963e-06
-5.54201e-06
2.22316e-05
-1.584e-06
1.20579e-06
-7.15792e-05
1.18347e-06
2.22373e-05
-0.000758524
-4.54004e-06
-0.000127954
-0.000133496
-3.32096e-06
0.000114291
0.000185396
-2.03618e-05
-5.2206e-05
-3.86882e-06
0.00102426
1.82187e-05
-0.000296491
-0.000270043
-5.25024e-05
-5.26628e-05
-1.11406e-05
1.82222e-05
5.0882e-05
2.0203e-05
-0.000271529
1.83178e-05
-0.000354088
1.82588e-05
2.02194e-05
3.01945e-05
-2.33987e-06
0.00127128
0.00012962
-0.00586466
-0.0499215
0.0297567
-0.00649964
0.00269426
0.017589
-0.0778796
-0.000918361
0.0838681
-0.0359051
-0.00303532
-0.00302957
-0.00227728
-0.000917808
0.00282283
-0.00010366
0.0300737
-0.000902818
0.0164422
-0.000912065
-0.000102828
-0.0635136
-0.00225235
-0.123209
-0.0317797
3.80305e-05
0.000111376
-2.16274e-05
1.88603e-05
-3.33327e-05
-2.81911e-06
0.000738702
2.05846e-06
-0.000365989
-2.91784e-05
-1.5883e-05
-1.58276e-05
-6.45678e-06
2.0597e-06
1.63514e-05
1.69106e-06
-0.000185223
2.09326e-06
-7.5669e-05
2.07258e-06
1.69494e-06
0.000189471
1.84288e-06
0.000846727
0.000102407
-7.47753e-05
-0.000720433
0.000702778
-0.000233498
0.00023562
-0.000258792
0.00208448
7.00243e-06
0.00112804
-0.00143627
-3.38211e-05
-3.61965e-05
-4.68199e-05
7.0068e-06
3.80835e-05
-5.71804e-06
-0.000263108
7.12466e-06
-0.00262046
7.05206e-06
-5.72455e-06
-0.00121289
-5.02291e-05
0.0038962
0.0001206
-2.66755e-05
-0.00227047
0.00380589
-0.000544997
-0.000502405
-0.000578136
0.00281075
0.00192182
0.000303701
-0.00687631
-0.0010403
-0.00105499
-0.000202248
0.00192205
0.00100934
0.00134398
0.00222974
0.0019281
-0.00752382
0.00192436
0.0013446
-0.00369028
-0.000236406
0.00869027
5.42038e-05
-6.47644e-05
-0.000641156
0.000524528
-0.000173293
0.000204274
-0.000113525
-0.000442187
-6.72754e-06
0.00131412
-0.000792593
3.45069e-05
3.3417e-05
-3.28918e-05
-6.72875e-06
-3.1098e-05
2.24651e-05
0.000124579
-6.76179e-06
-0.000816339
-6.74133e-06
2.24657e-05
-0.00113553
-1.90486e-05
-0.000641518
-0.000125779
-0.000539015
-0.00479659
0.00354184
-0.000658852
0.00128184
-0.000776812
0.00325508
0.000527687
0.00851861
-0.00524272
-0.000237019
-0.000240924
-0.000312504
0.000527777
0.000219255
0.000350178
0.000604775
0.000530207
-0.00570647
0.000528708
0.000350392
-0.00700298
-0.000245246
0.00542215
-0.00114491
-7.08623e-05
-0.000635473
0.000626439
-0.000204371
0.000224877
-0.000125261
-1.41922e-05
-7.66306e-08
0.00132126
-0.00098531
-1.19261e-05
-1.33942e-05
-3.47028e-05
-7.67262e-08
1.52329e-05
-1.03136e-06
2.2351e-05
-7.95619e-08
-0.00106316
-7.77561e-08
-1.02862e-06
-0.00123783
-2.32387e-05
4.77573e-06
-7.02425e-05
-2.36893e-06
-0.000136159
0.00020013
-5.73909e-05
5.31615e-05
-5.96988e-05
0.00019786
2.38679e-06
0.000282324
-0.000347241
-7.61869e-06
-8.32951e-06
-1.14006e-05
2.3873e-06
9.54256e-06
2.79328e-06
-4.69147e-05
2.40125e-06
-0.000509745
2.39265e-06
2.79673e-06
-0.000347646
-7.57591e-06
0.000218316
3.24861e-05
-5.34344e-05
-0.0004222
0.000431253
-0.000134404
0.000163851
-0.000105541
0.000216842
5.6875e-06
0.000826251
-0.000684668
-1.32974e-05
-1.42987e-05
-2.38789e-05
5.68848e-06
1.49655e-05
4.30057e-06
-2.61797e-05
5.71493e-06
-0.000948671
5.69863e-06
4.30362e-06
-0.000796096
-1.71091e-05
0.000454176
3.08109e-06
-0.00122829
-0.00619025
0.00674149
-0.00128863
0.000258646
0.00158831
0.0275774
0.000786273
0.00299976
-0.0108371
0.00012162
0.000113539
-0.000614007
0.000786484
-0.000141208
0.00153768
-0.000822336
0.000792201
-0.016125
0.000788675
0.00153797
-0.00520875
-0.000729553
0.0505125
-0.00128613
-0.00269122
-0.0301924
0.0186445
-0.00235606
0.000481408
-0.00493784
0.0139693
0.000480354
0.0359254
-0.0279217
-0.00027231
-0.00028237
-0.00197975
0.00048112
7.96678e-05
0.0019813
0.00790686
0.000501882
-0.0290893
0.000489071
0.00198339
-0.0309917
-0.00180451
0.0271047
-0.00825494
-0.00325716
-0.0192352
0.0155986
-0.00221451
0.000952585
0.00423119
0.0216224
0.00138142
0.0227806
-0.0205585
-0.000111361
-0.000114764
-0.0013797
0.00138175
7.49295e-07
0.00281833
0.00697126
0.00139061
-0.0213806
0.00138515
0.00281881
-0.0201487
-0.0015585
0.0455898
-0.00937358
-6.59706e-05
-0.00231828
0.00159405
-0.000233417
0.000113912
0.000371236
-0.00344572
0.000302257
0.00462777
-0.00106908
-0.000200058
-0.000197273
-0.00015126
0.000302302
0.0001677
0.000444597
0.00131023
0.000303522
0.000431715
0.000302769
0.00044477
-0.00341251
-1.50301e-05
-0.00588022
-0.000912998
0.0105871
-0.0263337
-0.0183118
0.0144606
-0.0363942
0.00391844
-0.111246
0.0106284
0.0209425
0.0432437
-0.00514639
-0.00501045
-0.00213623
0.0106311
0.00399367
0.0163621
0.0461061
0.0107032
0.0612896
0.0106587
0.016371
0.000940188
0.00112604
-0.184395
-0.015899
-0.0238952
-0.17956
0.132828
-0.0269358
0.0372716
-0.0806617
0.156755
-0.00658451
0.249962
-0.207903
-0.00601856
-0.00620259
-0.0122716
-0.00658159
0.00581769
-0.0114854
-0.00905507
-0.00650267
-0.285017
-0.00655136
-0.0114778
-0.222179
-0.01039
0.231916
-0.0161928
-0.000226405
-0.00280673
0.00185999
-0.000480897
0.000684306
-0.000278137
-0.00441415
4.0639e-05
0.00581838
-0.00197203
8.86866e-05
8.98147e-05
-0.000134439
4.06374e-05
-9.17677e-05
0.000223627
0.00104951
4.05932e-05
-0.0015231
4.0621e-05
0.000223671
-0.00434348
-5.7422e-05
-0.00745228
-0.00105121
-0.000225712
-0.00158019
0.00187163
-0.000633479
0.000609493
-0.00044129
0.00314547
0.000165554
0.00191226
-0.00317288
-0.000124834
-0.000128496
-0.000117424
0.0001656
0.000122038
0.000193995
-0.000833362
0.000166859
-0.00350285
0.000166083
0.000194081
-0.00241875
-9.59317e-05
0.00382237
-0.000155081
-4.96805e-05
-0.000598411
0.000546874
-0.000183704
0.000161759
-0.000167525
-0.000444564
1.23598e-05
0.00114228
-0.000818652
1.03121e-05
8.88473e-06
-3.14885e-05
1.2363e-05
-7.22709e-06
5.01044e-05
0.000118178
1.24502e-05
-0.00123929
1.23964e-05
5.01163e-05
-0.00108001
-1.44224e-05
-0.000515694
-1.3884e-05
-0.00010809
-0.00101257
0.00083468
-0.000255511
0.000334529
-0.000140624
2.07052e-05
1.828e-05
0.00215109
-0.00116563
-3.2191e-05
-3.31479e-05
-5.39874e-05
1.82822e-05
3.2443e-05
2.0355e-05
-1.24909e-05
1.83404e-05
-0.00116328
1.83046e-05
2.03706e-05
-0.00177688
-3.01206e-05
-0.000132653
-0.00020636
-0.000114055
-0.000939643
0.000850564
-0.000265028
0.000334863
-0.000233321
0.000582815
5.20199e-06
0.00191649
-0.00125765
6.37738e-05
6.23481e-05
-5.50844e-05
5.2017e-06
-6.01832e-05
8.14252e-05
-7.83986e-05
5.19337e-06
-0.00177865
5.19866e-06
8.1433e-05
-0.0016766
-3.48623e-05
0.00102316
-8.74701e-05
-2.17221e-05
-0.000445842
0.000447268
-0.000143296
0.000131874
-0.000135178
0.000223848
5.52738e-06
0.000960857
-0.000710986
1.60608e-05
1.49991e-05
-2.82136e-05
5.5271e-06
-1.27369e-05
4.0526e-05
-4.66549e-05
5.51887e-06
-0.00101615
5.52408e-06
4.05356e-05
-0.000917496
-1.69023e-05
0.000255979
-2.44002e-05
-0.000100397
-0.000957697
0.000810374
-0.000265926
0.000301895
-0.000159098
0.000147033
4.4747e-06
0.00198753
-0.00113488
-6.93508e-06
-8.06506e-06
-5.44762e-05
4.4746e-06
9.48076e-06
2.44534e-05
-3.80686e-05
4.47117e-06
-0.00125005
4.47346e-06
2.44646e-05
-0.00167888
-2.73934e-05
0.000147872
-0.000148328
-8.38992e-05
-0.000863805
0.000701157
-0.000227833
0.000282818
-0.000131017
-0.000177071
7.11855e-07
0.00182385
-0.00103768
-1.49509e-05
-1.61542e-05
-4.61591e-05
7.11057e-07
1.78886e-05
1.37859e-06
4.82753e-05
6.88769e-07
-0.00110428
7.0267e-07
1.38401e-06
-0.00154757
-2.33532e-05
-0.000283678
-0.000132946
-0.000150924
-0.00150647
0.00107123
-0.000307849
0.000464852
-0.00014607
0.000185957
-5.08533e-06
0.00305864
-0.00138487
1.23204e-05
1.17975e-05
-8.71211e-05
-5.08544e-06
-1.27239e-05
4.04487e-05
5.17745e-05
-5.08919e-06
-0.00145513
-5.08674e-06
4.04573e-05
-0.00236677
-3.58228e-05
0.00025552
-0.000270454
-9.53648e-05
-0.000898879
0.000784853
-0.000249936
0.000305622
-0.000281875
0.00104405
1.90163e-06
0.00169176
-0.00123754
0.000137762
0.000136488
-5.50732e-05
1.90022e-06
-0.000133499
0.00014042
-0.000130359
1.86117e-06
-0.00201903
1.88546e-06
0.000140425
-0.00149999
-3.6557e-05
0.00191565
-4.1264e-05
-0.000171103
-0.0016228
0.00126151
-0.000314219
0.000480553
-0.000657574
0.00198043
0.000279841
0.00328852
-0.00169498
0.000189608
0.000188642
-0.000103941
0.000279866
-0.000191497
0.000496831
-5.14444e-05
0.000280537
-0.00357922
0.000280123
0.000496914
-0.00261351
-7.01878e-05
0.00368873
-0.000233765
-0.00110243
-0.0179028
0.0111386
-0.000243748
-0.00245228
-0.0030179
-0.00516205
0.00421903
0.0184363
-0.0139587
-0.00356786
-0.00357185
-0.00124317
0.00422002
0.00325496
0.00278965
0.00949092
0.0042469
-0.00700366
0.00423031
0.00279261
-0.0164205
-0.000761211
7.46117e-06
-0.00374007
0.0225988
-0.173361
0.0155534
0.0578755
-0.148788
-0.0827294
-0.122885
0.074193
-0.0260956
-0.0100323
-0.0447319
-0.044577
-0.0171295
0.0742129
0.0394485
0.0639682
0.19604
0.0747524
0.0168873
0.0744194
0.0640277
0.0131573
-0.00905619
-0.0870979
-0.0320963
0.0069213
-0.000221202
-0.0133594
0.00654164
-0.0155691
0.00113382
-0.00599887
0.0113894
-0.0569389
0.00764458
-0.0074491
-0.00743443
-0.000175365
0.0113908
0.00712566
0.00884534
0.0131507
0.0114295
-0.0510422
0.0114056
0.00884945
0.0395689
-0.000472427
0.0259371
0.00437556
-0.000774335
-0.00760257
0.00472617
-0.000801049
0.00128068
-0.00578531
0.011688
-0.00131393
0.00916258
-0.0100638
0.000306936
0.000289534
-0.000616053
-0.00131382
-0.000256431
-0.00104164
-0.00191967
-0.00131086
-0.0224562
-0.00131269
-0.00104142
-0.00898656
-0.000664508
0.013587
-0.000260698
-0.00781345
-0.0578992
0.0518835
-0.0140518
0.0113558
-0.0512638
0.11328
-0.00899171
0.0793356
-0.098032
0.00612145
0.00596366
-0.00461359
-0.00899082
-0.00558994
-0.00340753
-0.0232191
-0.00896663
-0.185194
-0.00898155
-0.00340544
-0.085264
-0.00454014
0.158722
0.0066886
4.57194e-05
-5.69476e-05
0.000456539
-0.000121254
-3.02883e-05
-0.000574231
0.00286791
-7.57598e-05
-0.000383651
-0.00135888
0.00010427
0.000100317
-3.01754e-05
-7.57588e-05
-9.35336e-05
3.33407e-05
-0.000365321
-7.57321e-05
-0.00320368
-7.57485e-05
3.33449e-05
-0.000400736
-5.76323e-05
0.0048571
0.000397122
-0.000104189
-0.00229811
0.00188545
-0.000487588
0.000502523
0.000704344
-0.00119453
-0.000202643
0.00535015
-0.00254688
2.23749e-05
2.19724e-05
-0.000125273
-0.000202656
-1.9534e-05
-6.82786e-05
0.00048076
-0.00020302
7.39563e-05
-0.000202795
-6.82905e-05
-0.00451578
-7.20321e-05
-0.00349236
-0.000904928
-9.10531e-05
-0.000745297
0.000742051
-0.000219334
0.000189209
-0.000448375
0.00121998
-4.93133e-05
0.000834951
-0.00133591
-6.25955e-05
-6.56433e-05
-5.3238e-05
-4.93118e-05
7.02873e-05
-9.63785e-05
-0.000104447
-4.92737e-05
-0.00292642
-4.9297e-05
-9.63764e-05
-0.00105763
-4.73943e-05
0.00264783
0.000239111
-0.000136958
-0.00102017
0.0010555
-0.000304156
0.000327616
-0.000241969
0.000125303
3.7813e-05
0.00201087
-0.00146725
-9.81778e-07
-1.89793e-06
-5.90828e-05
3.78205e-05
1.87201e-06
0.000119351
-5.18803e-05
3.80223e-05
-0.00189411
3.78978e-05
0.000119383
-0.00185902
-4.31324e-05
-6.47811e-05
-0.000180068
-3.71262e-05
-0.000373612
0.000304455
-3.82949e-05
0.000112099
3.23428e-05
0.00105939
-1.23026e-05
0.000626887
-0.000252938
-6.11722e-05
-5.99568e-05
-2.98745e-05
-1.23088e-05
5.67316e-05
-3.90411e-05
-3.9412e-05
-1.24781e-05
-0.000251152
-1.23735e-05
-3.9057e-05
-0.000439022
-1.4174e-05
0.00187735
-3.63562e-05
-4.8448e-05
-0.000849344
0.00074587
-0.000223377
0.000193801
-4.51031e-05
0.000591104
-4.16425e-05
0.00161343
-0.000898165
8.89589e-05
8.86833e-05
-5.69765e-05
-4.16399e-05
-8.81575e-05
0.000121687
4.42716e-05
-4.15682e-05
-0.00115298
-4.16123e-05
0.000121695
-0.00140015
-1.74411e-05
0.00112082
-3.48741e-05
3.89344e-05
-0.00115539
4.82411e-05
0.000111233
-0.000353758
0.000847749
-0.0050489
0.00030113
0.00132714
0.000467389
3.52704e-05
4.00691e-05
-1.89971e-05
0.000301167
-5.71624e-05
0.000472887
0.0018051
0.000302155
0.00314062
0.000301546
0.000473021
-0.000512437
-2.98598e-05
-0.007244
-0.00135121
-0.000187604
-0.0018822
0.00148114
-0.00044237
0.000582095
-0.000237471
-0.000300945
3.90803e-06
0.00393324
-0.00205089
-6.52194e-05
-6.62968e-05
-9.82658e-05
3.90856e-06
6.60736e-05
8.56281e-07
0.000136359
3.92204e-06
-0.0020327
3.9139e-06
8.68014e-07
-0.00319732
-5.77207e-05
-0.00056027
-0.000411008
0.000195936
-0.00054298
0.000412215
7.14411e-05
-0.000354294
0.000445609
0.00179021
-1.32444e-05
0.0023642
-0.000156853
-0.000188506
-0.000185433
-9.23482e-05
-1.32337e-05
0.000175339
0.000120181
-1.45494e-05
-1.29449e-05
0.00119913
-1.31228e-05
0.000120227
-0.00176397
-6.64244e-06
0.00023536
-0.000552498
-0.000370887
-0.00309967
0.00186708
-0.000380169
0.000812116
-5.96172e-05
0.00078065
-0.000275504
0.00558146
-0.00238303
-0.000103347
-0.000102838
-0.000188691
-0.000275508
9.1567e-05
-0.000395575
0.000563411
-0.000275615
4.88531e-05
-0.000275549
-0.000395598
-0.00407564
-0.000107519
0.0011516
-0.000888504
-0.000461378
-0.0100727
0.00312325
0.00015244
-0.00109723
-0.00107044
-0.0104153
0.000130785
0.0132861
-0.00397901
-0.00105027
-0.00104454
-0.00058419
0.000131049
0.000966249
-0.00070935
0.00576511
0.000138203
0.00397526
0.000133788
-0.000708615
-0.00875402
-0.000369069
-0.0148734
-0.00365219
-0.000176836
-0.00204484
0.00119059
-0.000218303
0.000398114
-0.00045616
-0.00167341
0.000242615
0.00383269
-0.00132271
-0.000107744
-0.000106926
-0.000108663
0.00024266
9.27016e-05
0.000245056
0.000641565
0.000243868
-0.000701117
0.000243123
0.000245204
-0.00278123
-6.11337e-05
-0.00300652
-0.000768791
-0.00118554
-0.00986237
0.00662343
-0.00132252
0.00198116
-0.00303012
0.00277095
0.000236513
0.0143483
-0.00984311
-0.000321395
-0.000328017
-0.000603994
0.000236714
0.000292362
7.67296e-05
0.000852317
0.000242155
-0.0103456
0.000238798
7.72636e-05
-0.0120332
-0.000517208
0.00289056
-0.00225914
-9.60076e-05
-0.000925137
0.000821263
-0.000248016
0.000320373
-0.000179537
0.000875302
-8.37152e-06
0.00199596
-0.00116136
-1.30676e-05
-1.42336e-05
-5.97217e-05
-8.36916e-06
1.50875e-05
2.03135e-05
-0.000150675
-8.30584e-06
-0.00153048
-8.34478e-06
2.03213e-05
-0.00169397
-3.48886e-05
0.00120655
-0.000113582
-0.000292511
-0.00263592
0.00197649
-0.000629599
0.000800991
-0.000365122
0.000280497
-1.16454e-05
0.00546004
-0.00263501
-5.74868e-05
-5.98801e-05
-0.000147101
-1.16461e-05
6.06739e-05
-1.28051e-05
0.000152324
-1.1667e-05
-0.00313731
-1.16536e-05
-1.28051e-05
-0.00433065
-6.91137e-05
0.000943519
-0.000423126
2.53438e-05
-0.000477842
0.000476777
-0.000159327
8.15111e-05
-0.000216447
0.000897167
6.6169e-06
0.00102131
-0.000950259
3.776e-05
3.60375e-05
-3.37955e-05
6.6159e-06
-3.21338e-05
7.89622e-05
-9.43401e-05
6.58829e-06
-0.00168939
6.60542e-06
7.89683e-05
-0.00107239
-1.81827e-05
0.00151757
9.12922e-05
-0.000129188
-0.00138019
0.00139197
-0.000448554
0.000439004
-0.000281936
0.0026685
-8.01174e-06
0.00240781
-0.00244698
-0.000114773
-0.000118337
-8.73079e-05
-8.00813e-06
0.000120316
-2.96983e-05
-0.000296089
-7.91013e-06
-0.00378784
-7.97061e-06
-2.97044e-05
-0.00246584
-6.34697e-05
0.00512681
0.000200373
-0.000218367
-0.00184329
0.00123144
-0.000379921
0.000573135
-0.000170462
0.000233861
-1.93696e-06
0.00422657
-0.00139946
-3.98108e-05
-3.96311e-05
-9.79609e-05
-1.92487e-06
3.42349e-05
2.08563e-05
-8.30907e-06
-1.59749e-06
-0.00113282
-1.79947e-06
2.0873e-05
-0.00303175
-4.47108e-05
-1.851e-05
-0.000511977
8.76048e-05
-0.000294441
0.000443659
-0.000197573
-0.000135476
-0.000182509
-0.000714499
-5.03659e-05
0.000388995
-0.000882659
3.99805e-05
3.78655e-05
-1.53684e-05
-5.03546e-05
-3.36794e-05
0.00012186
0.000377719
-5.00487e-05
-0.00101499
-5.02376e-05
0.000121869
-0.000777435
-1.67848e-05
-0.00088007
-6.88031e-05
-0.000103607
-0.00102186
0.000610479
-0.000118388
0.000226088
0.000406488
-0.00174119
2.19756e-05
0.00224659
-0.000447712
-7.587e-05
-7.47497e-05
-4.62719e-05
2.198e-05
6.51358e-05
-8.90902e-06
0.000630863
2.20996e-05
0.00151091
2.20259e-05
-8.88643e-06
-0.0015252
-1.80548e-05
-0.0028838
-0.000639978
-0.000373422
-0.00425508
0.00234635
-0.000468783
0.000496544
-0.000218581
-0.00478114
-0.000250523
0.00728491
-0.0030709
-0.000255311
-0.000256061
-0.000218637
-0.000250497
0.000250765
-0.000352309
0.00171449
-0.000249813
-0.00273321
-0.000250235
-0.000352265
-0.0054693
-0.000174443
-0.00748028
-0.00150978
-2.14519e-05
-0.000969832
0.000488862
-3.99782e-05
4.87013e-05
6.06578e-05
0.000187728
0.000424825
0.00180495
-0.000376413
-0.000214444
-0.000212935
-6.1172e-05
0.000424885
0.000196608
0.000349977
0.000505633
0.000426517
-0.000155757
0.00042551
0.000350119
-0.00119299
-3.4258e-05
0.000780893
-0.000441405
-0.000780674
-0.0068461
0.0038675
-0.000628844
0.000856802
0.000873567
-0.00512673
0.0019709
0.0106402
-0.00225211
-0.000367316
-0.000353949
-0.00032048
0.00197116
0.00026908
0.00217869
0.0042131
0.00197821
0.000437964
0.00197386
0.00217935
-0.00672315
-0.000229202
-0.00207648
-0.00331806
-0.00117987
-0.0156693
0.00820726
-0.0019297
0.00131905
0.00227188
-0.00353048
-0.00202436
0.0243957
-0.0134919
0.000154969
0.000150503
-0.000894057
-0.00202438
-0.000160487
-0.00202671
0.00479812
-0.00202494
0.00429518
-0.0020246
-0.00202678
-0.0190196
-0.000561009
-0.00484646
-0.00524928
-0.00507098
-0.0958803
0.0369652
-0.00621644
-0.00100591
-0.00894485
-0.001858
-0.0149988
0.131534
-0.0697453
0.00336919
0.00334814
-0.00597515
-0.0149986
-0.00329107
-0.0142034
0.0268854
-0.0149933
-0.0218848
-0.0149966
-0.014203
-0.0970529
-0.00383822
0.00985144
-0.0225724
-0.000382713
-0.00573493
0.00380458
-0.000885308
0.000853005
-0.000373768
0.0017691
-0.000715015
0.00858523
-0.00701816
0.000529317
0.000521896
-0.00037963
-0.000715045
-0.000501265
-0.000226322
0.000851308
-0.000715841
-0.00815144
-0.000715349
-0.000226367
-0.00767908
-0.000325693
0.0027627
-0.0013159
-0.00136328
-0.0124076
0.00568477
-0.00129419
0.00185908
-0.00161635
-0.00787581
-0.00188743
0.0189424
-0.00920579
0.000278995
0.000273473
-0.000625584
-0.0018874
-0.000261903
-0.00215069
0.00397567
-0.00188668
-0.00172654
-0.00188713
-0.00215078
-0.0138522
-0.00060216
-0.0128948
-0.00454787
-0.000105976
-0.0013375
0.000893004
-0.000261511
0.000339749
-0.000123069
-0.00056558
-3.58981e-05
0.00284761
-0.000976234
0.000127871
0.000128204
-8.16787e-05
-3.59043e-05
-0.000128341
0.000110166
0.000327914
-3.60728e-05
-0.000371616
-3.59684e-05
0.000110163
-0.00210167
-3.22653e-05
-0.00114805
-0.000513596
-0.000127104
-0.00271673
0.0013567
-0.000354766
0.000167805
0.000132647
-0.00331553
-8.65011e-05
0.00499035
-0.00161951
0.000391049
0.000391789
-0.000121083
-8.64797e-05
-0.00039752
0.000483328
0.00125335
-8.59001e-05
-0.00145416
-8.62573e-05
0.000483384
-0.00361455
-0.000102503
-0.00551472
-0.00146588
0.00137653
0.00402545
-0.00346862
-0.000867159
-0.00592321
-0.00451968
0.00860968
-0.00168301
-0.00945438
0.00572574
0.00638439
0.00638391
8.57147e-05
-0.00168271
-0.00626783
0.00552506
0.0012474
-0.00167462
-0.00912633
-0.00167961
0.0055253
0.00755025
-0.000373772
0.0160282
-0.00307441
0.00954514
0.0242017
-0.0221129
-0.00968228
-0.0374073
-0.0369738
0.0323311
-0.0126576
-0.0419115
0.0380056
0.0535107
0.053508
0.000869825
-0.0126555
-0.0525476
0.0454993
0.0107371
-0.0125978
-0.071904
-0.0126334
0.0455007
0.0368607
-0.00266204
0.0598743
-0.0280127
0.00048112
-5.02028e-05
-0.000333235
-0.000739255
-0.00213189
-0.00235302
-0.00152963
-0.000452058
0.000286854
0.0018044
0.00289653
0.00289937
-1.21303e-05
-0.000451891
-0.00285902
0.00298545
0.00166257
-0.000447376
-0.00392716
-0.00045016
0.00298569
0.000232032
-0.000194263
-0.00191759
-0.00252352
0.000106267
-0.00147013
0.00131679
-0.000449059
-0.000210351
-0.00101322
0.000701975
0.000488558
0.00262185
-0.00144759
0.000807916
0.000807333
-0.000141298
0.000488644
-0.000803787
0.00155314
0.000380805
0.000490981
-0.00294354
0.000489541
0.00155341
-0.00250346
-7.23941e-05
-0.000266177
-0.00089046
-0.000123942
-0.00170245
0.00134943
-0.000261823
0.000311652
-0.000743894
-0.000485478
0.000157958
0.00273138
-0.00199152
4.58976e-05
4.41307e-05
-0.000104558
0.000157984
-4.72909e-05
0.00033259
0.000389157
0.000158701
-0.00405725
0.000158259
0.000332693
-0.00247545
-8.49014e-05
-0.000684208
-0.000302696
3.50505e-05
-0.00148329
0.00117718
-0.000291099
0.000136135
0.000252502
0.00222935
9.5857e-05
0.00320615
-0.0018341
0.000142961
0.000142407
-0.000131388
9.58877e-05
-0.000140891
0.000443685
-0.000327402
9.67183e-05
-0.000885629
9.62061e-05
0.000443803
-0.00284409
-6.02603e-05
0.00120169
-0.000626391
-0.000434487
-0.00394739
0.00247246
-0.000730559
0.000787408
0.000299974
-0.0062015
0.000264478
0.00784819
-0.00311878
5.75798e-05
5.56673e-05
-0.000168414
0.000264526
-6.11721e-05
0.000380752
0.0017486
0.000265841
0.00013908
0.00026503
0.000380895
-0.00600108
-0.000121788
-0.0102442
-0.00202721
0.000308118
-0.00130484
0.000673332
-0.000125566
-0.000650923
-0.000524262
-0.00343331
0.000614953
0.0020785
-0.000997591
0.000118344
0.000117045
-0.000117122
0.000615031
-0.000116767
0.00101347
0.00121823
0.00061716
-0.00221192
0.000615848
0.00101376
-0.00211002
1.2604e-05
-0.00577917
-0.000286763
-1.74313e-07
-0.0138512
0.0064641
-0.00147134
-0.00106411
-0.000861454
0.0126796
-0.00234109
0.0170551
-0.0163665
0.000365966
0.000349446
-0.00100967
-0.0023411
-0.00029247
-0.00206338
0.000824399
-0.00234138
-0.0102838
-0.0023412
-0.00206334
-0.0158767
-0.000625912
0.0181353
-0.001893
0.0012874
-0.0690974
0.0217165
-0.00373456
-0.0118012
-0.0122739
0.0567081
-0.0166416
0.0791385
-0.0612606
0.00770066
0.00766415
-0.00515205
-0.0166417
-0.00731999
-0.0105442
0.00838058
-0.0166453
-0.0425566
-0.0166431
-0.0105443
-0.0651705
-0.00294712
0.085964
-0.00877218
0.000492707
-0.00174715
6.09198e-06
0.000228016
-0.00146341
-0.00188431
0.00499247
-0.00101928
-0.00132269
-0.00257339
0.000486921
0.000481607
-0.000216823
-0.0010193
-0.000446982
-0.000588932
-1.3645e-05
-0.00101981
-0.00634801
-0.00101949
-0.000588941
-6.85323e-05
-0.000153807
0.00760819
0.000746791
-0.000144374
-0.00144429
0.00156015
-0.000401283
0.000459865
-0.000590111
0.0018797
1.84121e-05
0.00220935
-0.00262819
0.000156977
0.000153245
-0.000107234
1.84081e-05
-0.000145757
0.00021869
-0.000181021
1.82976e-05
-0.00521676
1.83662e-05
0.000218707
-0.00244887
-0.000104015
0.00319895
-9.89785e-06
-0.000143183
-0.00105997
0.00105376
-0.000331395
0.000397866
-0.000357812
0.00237164
-4.05349e-06
0.00178571
-0.00175382
-1.74413e-07
-3.14172e-06
-7.30544e-05
-4.05641e-06
6.84898e-06
2.42504e-05
-0.000320912
-4.13647e-06
-0.00347088
-4.08684e-06
2.42437e-05
-0.00177902
-5.16957e-05
0.00461736
0.000222812
6.1579e-06
-0.000844257
0.000566999
-0.000294606
-1.4463e-05
-0.000501183
0.000145133
-7.39877e-05
0.0015498
-0.000867511
0.000390433
0.000388487
-5.41044e-05
-7.39816e-05
-0.000377045
0.00036742
0.000181882
-7.38165e-05
-0.00272689
-7.39178e-05
0.000367437
-0.00134281
-4.50779e-05
0.00075426
-0.000215114
0.0021904
0.0055245
-0.00492917
-0.00237893
-0.0085585
-0.00818234
0.00927079
-0.00294793
-0.00985075
0.00818128
0.0112739
0.0112696
0.00019392
-0.00294747
-0.0110494
0.00944625
0.00194906
-0.00293496
-0.0167896
-0.00294267
0.00944652
0.00841756
-0.000646202
0.0173579
-0.00621421
0.0115666
0.0321909
-0.0290202
-0.011186
-0.0456487
-0.043272
0.0486484
-0.0152438
-0.0569891
0.0482369
0.0601827
0.060175
0.001208
-0.0152411
-0.0590736
0.0509288
0.00972998
-0.0151679
-0.0825033
-0.015213
0.0509303
0.0494724
-0.00313062
0.0866405
-0.0312009
0.00399518
0.00943573
-0.00909585
-0.00367697
-0.0160419
-0.0153966
0.0164601
-0.00438818
-0.018268
0.0149877
0.0193429
0.0193367
0.000249311
-0.00438723
-0.0189744
0.0170909
0.00343735
-0.00436172
-0.0304084
-0.00437745
0.0170918
0.0154728
-0.00108602
0.0292619
-0.0102695
0.000749805
0.000214598
-0.00102161
-0.00119337
-0.00323318
-0.00341122
0.0011437
-0.00117431
-0.000563297
0.00217811
0.00479647
0.00479584
7.71198e-07
-0.00117415
-0.00470265
0.00407632
0.00172669
-0.00116981
-0.00909072
-0.00117248
0.00407642
0.000936139
-0.000296255
0.00439235
-0.00305832
-4.65439e-05
-0.00113754
0.001111
-0.000422753
1.97532e-05
-0.000522448
0.00120994
-0.000119715
0.0013979
-0.00164849
0.00039609
0.000393117
-8.20176e-05
-0.000119708
-0.000382719
0.000360709
0.000274275
-0.000119524
-0.00439096
-0.000119637
0.000360713
-0.00153902
-8.46435e-05
0.00352526
-8.18394e-05
-9.26718e-07
-0.000933206
0.000759595
-0.000138205
-0.000105151
-0.000317743
0.00243017
-0.000419963
-0.000455549
-0.00197539
0.000127675
0.000122979
-8.72496e-05
-0.00041996
-0.000112007
-0.00031908
8.84983e-06
-0.000419868
-0.00355625
-0.000419925
-0.000319086
-0.000493615
-0.000110539
0.00463915
0.000396863
-0.000165285
-0.00249335
0.00142144
-0.00045751
0.000451441
-6.61482e-05
-0.00376781
0.000132367
0.00494576
-0.00153996
0.00010532
0.000106049
-0.00010876
0.000132397
-0.000112298
0.000355328
0.000909638
0.000133225
-0.000685608
0.000132715
0.00035543
-0.00361489
-3.57723e-05
-0.00605903
-0.000918212
-9.55951e-05
-0.00254682
0.000801976
-8.23074e-05
9.28087e-05
-6.47187e-05
0.00239443
-0.00025343
0.00330968
-0.00147789
-0.000123407
-0.000123843
-0.000188015
-0.000253397
0.000121277
-0.000387846
0.000311654
-0.000252508
-0.000549237
-0.000253056
-0.000387775
-0.0022951
-9.87387e-05
0.00393023
-0.000375057
0.000549904
-0.00983797
0.00134986
0.000168401
-0.00199798
0.00313403
-0.00663245
-0.00174522
0.0136244
-0.00568065
-0.00109687
-0.00109464
-0.000552813
-0.00174524
0.00109454
-0.00264223
0.00451176
-0.00174596
0.00652066
-0.00174552
-0.00264226
-0.00967212
-0.000211132
-0.0101707
-0.00275538
0.00868715
-0.00157225
-0.023542
0.00967561
-0.0252255
0.00732429
0.0194919
-0.00723392
-0.016852
0.0160295
-0.00219555
-0.0021611
-0.00101016
-0.00723392
0.00222593
-0.0077188
0.00597544
-0.00723372
0.0357758
-0.00723384
-0.00771846
0.017798
0.000633994
0.0214313
0.00437769
0.00032591
-0.00290612
0.00074026
-9.31824e-05
-0.000375318
-0.00129305
0.00346726
-0.000161941
0.00423285
-0.00212548
0.000201043
0.000200898
-0.000233856
-0.000161913
-0.00019179
0.000214702
-0.000204151
-0.000161161
-0.00500316
-0.000161625
0.000214817
-0.00330479
-5.44506e-05
0.00443011
0.000117504
2.1465e-05
-0.00112442
0.000918688
-0.000208405
0.000107209
0.000260761
0.00143555
-0.000118218
0.00221725
-0.00147818
0.00011176
0.000110229
-8.97421e-05
-0.000118228
-0.00011049
0.000115316
0.000102373
-0.000118508
-0.00145428
-0.000118335
0.000115317
-0.00205917
-4.17731e-05
0.00198248
-0.000205554
-0.00156132
-0.0123286
0.0116842
-0.00220816
0.000816691
-0.00320367
0.0165194
-0.00103223
0.0110045
-0.0174995
-0.00129615
-0.00131251
-0.000833424
-0.00103206
0.00121859
-0.000832212
0.000942777
-0.00102752
-0.0292355
-0.00103032
-0.000831747
-0.0132314
-0.000879213
0.0348384
-2.58594e-05
-0.00461838
-0.0391784
0.0353993
-0.00698817
0.00302413
-0.0184745
0.06893
0.0020303
0.0427194
-0.0556963
-0.00120612
-0.00126997
-0.00301171
0.00203164
0.00101408
0.00459169
-0.00418575
0.00206801
-0.0932
0.00204557
0.00459522
-0.0475405
-0.00282254
0.111098
-0.00204122
0.00191053
0.00303924
-0.00309523
-0.0017419
-0.00743999
-0.00691431
0.00908571
-0.00245263
-0.00733153
0.0050799
0.00857255
0.00856804
3.29917e-05
-0.00245223
-0.00841468
0.007424
0.00198037
-0.00244134
-0.0163291
-0.00244805
0.00742438
0.00565068
-0.000597746
0.0164992
-0.00493234
0.0090917
0.025449
-0.023384
-0.00727564
-0.0348268
-0.0307506
0.0342319
-0.0108421
-0.0470884
0.038474
0.0424263
0.0424221
0.000929309
-0.0108403
-0.0416233
0.035965
0.00780022
-0.0107897
-0.0544068
-0.0108209
0.0359662
0.0405843
-0.00220645
0.0619745
-0.0226837
0.0019775
0.00480476
-0.00409925
-0.00219887
-0.00786889
-0.00792343
0.0118615
-0.00212398
-0.00824529
0.00698595
0.0107118
0.0107098
0.000125229
-0.00212352
-0.0105124
0.00957029
0.00119275
-0.00211128
-0.0171665
-0.00211883
0.00957069
0.00702332
-0.0005956
0.0207871
-0.00565192
0.00167081
0.004002
-0.00424145
-0.000505682
-0.00544062
-0.00392106
0.000354008
-0.00104308
-0.00789392
0.00674021
0.00561558
0.00561814
0.000171967
-0.00104285
-0.0055072
0.00514331
0.00200156
-0.00103657
-0.00542666
-0.00104044
0.0051436
0.00673132
-0.000208507
0.00147959
-0.00307574
0.000184283
-0.000747004
0.000304448
-0.000283071
-0.000594324
-0.000759479
-0.000620195
0.00022512
0.00175852
0.0001658
0.000701579
0.000702022
-6.85512e-05
0.000225196
-0.000691551
0.00116619
0.000714395
0.000227242
-0.00165261
0.000225981
0.00116638
-0.00118999
-8.55273e-05
-0.00148354
-0.0012433
-0.000219003
-0.00283672
0.0019989
-0.000524347
0.000354834
9.86585e-05
-0.000833245
9.95116e-05
0.00563548
-0.00261753
0.000191193
0.000189974
-0.000168712
9.95519e-05
-0.000198951
0.000466353
0.000890048
0.000100641
-0.00163543
9.9969e-05
0.000466455
-0.00445319
-0.000108756
-0.00136685
-0.00118358
-9.3755e-05
-0.00161772
0.0012219
-0.000369597
5.89101e-05
-0.000153113
-0.00479997
6.35985e-05
0.00235919
-0.00158717
0.000233185
0.000231554
-5.70958e-05
6.35997e-05
-0.000227423
0.000405732
0.00127831
6.36288e-05
-0.00209228
6.36114e-05
0.000405807
-0.00219518
-6.40661e-05
-0.00675606
-0.000789826
0.000153673
-0.000528016
5.35667e-06
-3.75276e-05
-0.000592719
-0.000900881
0.00643802
-0.000409407
-0.000483017
-0.000815806
0.000584513
0.000582808
-0.000105479
-0.000409363
-0.000565416
0.00021199
-0.000816499
-0.000408159
-0.00288344
-0.000408901
0.000212063
3.24901e-05
-0.000137793
0.0089019
-0.000100712
-0.000254124
-0.00355305
0.00198043
-0.000582248
0.000602145
-0.000667301
-0.0012189
-0.00010611
0.00651678
-0.00251042
0.000173835
0.000174134
-0.000185333
-0.000106097
-0.000176514
0.000216811
0.000487639
-0.000105744
-0.00353661
-0.000105961
0.000216872
-0.00481404
-9.22322e-05
-0.00201162
-0.000889643
0.000524288
-0.00122677
0.000124008
-7.90391e-05
-0.00153412
-0.00188708
0.00365749
-4.77049e-05
-0.000129319
-0.00136858
0.00139181
0.00138861
-0.000160457
-4.76297e-05
-0.00136844
0.00155485
0.000491248
-4.55972e-05
-0.00714272
-4.68501e-05
0.00155514
-0.000536185
-0.000114182
0.00711364
2.69326e-05
-0.000155913
-0.00231901
0.00129313
-0.000309612
0.00036136
-0.000437018
-0.00131949
3.99991e-05
0.00400366
-0.00135206
0.000200875
0.000201866
-0.000122224
4.00151e-05
-0.000207957
0.000303993
0.000765984
4.04479e-05
-0.00172601
4.01811e-05
0.00030407
-0.0028828
-5.54733e-05
-0.00130818
-0.000571301
4.45662e-05
-0.000618251
0.00127799
-0.000227452
-1.91197e-05
-0.000266824
0.00442488
0.000321937
4.44586e-05
-0.00218193
0.000145505
0.000140971
-0.000116565
0.000322004
-0.000145453
0.000613593
-0.0002661
0.000323809
-0.00381683
0.000322695
0.000613761
-0.00114412
-7.23124e-05
0.00712104
0.000441604
-7.18576e-05
-0.00117104
0.00103958
-0.000360057
0.000210503
-0.000272604
-0.00186611
-8.56056e-06
0.00222303
-0.00147047
0.000214375
0.000211897
-5.79564e-05
-8.55173e-06
-0.000206718
0.000253029
0.000520079
-8.31361e-06
-0.00177666
-8.46031e-06
0.000253063
-0.00206083
-5.11893e-05
-0.00295909
-0.000462684
-0.000133948
-0.00215937
0.00105647
-0.000659171
-0.000170267
-0.0019947
0.00196574
-0.000522243
0.0032245
-0.00153339
0.00164287
0.0016421
-0.000131567
-0.000522208
-0.00161499
0.00105389
0.00036588
-0.000521279
-0.00457272
-0.000521851
0.00105392
-0.00231419
-0.000174947
0.00398507
-0.00112965
0.000543297
-0.00127271
0.000268054
-0.00175318
-0.00278413
-0.00485483
0.00545374
-0.000661898
0.00238304
0.000764495
0.00558642
0.00558547
-0.000127469
-0.000661669
-0.00549144
0.00538359
0.00104198
-0.000655479
-0.0130795
-0.000659294
0.0053839
-0.00119246
-0.000402461
0.0111318
-0.00369354
0.00466837
0.00772756
-0.00736862
-0.00420065
-0.0183771
-0.0193661
0.0287464
-0.00475742
-0.020775
0.00997109
0.0229422
0.0229297
-5.53152e-05
-0.00475633
-0.0225245
0.0204319
0.00280998
-0.0047269
-0.0427751
-0.00474504
0.0204334
0.0145911
-0.00142129
0.0473219
-0.0103888
0.00374932
0.0034629
-0.00452359
-0.00118102
-0.0147772
-0.0174911
0.0415742
-0.00241818
-0.0233875
0.00119265
0.0114884
0.011466
-0.000560898
-0.00241729
-0.0112468
0.0110088
-0.00212317
-0.0023931
-0.0441733
-0.00240801
0.0110106
0.0130445
-0.000953399
0.0657412
0.000191616
0.00134796
0.00210769
-0.00262155
-0.000347272
-0.00473545
-0.0045032
0.00298612
-0.000733766
-0.00694033
0.0029963
0.0043239
0.0043192
3.7374e-06
-0.000733547
-0.00422565
0.00401616
0.00146891
-0.000727645
-0.00897843
-0.000731281
0.00401659
0.00479931
-0.000301508
0.00523131
-0.00214713
8.84266e-05
-0.00098521
0.000865985
-0.000418205
-0.000441866
-0.000218212
0.00395475
-0.00034473
0.00187839
-0.000747313
0.000941254
0.000942688
-0.000128947
-0.000344698
-0.000931303
0.00086391
-0.000547999
-0.000343832
-0.0013096
-0.000344365
0.000863996
-0.00160344
-8.42983e-05
0.00419446
-0.000804913
0.000184425
-0.00013227
-1.85521e-05
-6.68626e-06
-0.000699028
-7.65393e-05
0.00327707
-0.000514821
-0.00202517
-0.00111392
0.000273949
0.000270335
-2.23377e-05
-0.000514807
-0.000253843
-0.00018338
-7.13475e-06
-0.000514429
-0.00327854
-0.000514662
-0.000183404
0.000797752
-0.000128952
0.00621325
0.000192663
0.00105448
0.00220456
-0.0024324
0.000574913
-0.00217226
-0.000160873
-0.00705427
0.00024243
-0.00577557
0.00218376
0.000689777
0.0006871
0.00013426
0.000242499
-0.000660126
0.00111603
0.00184004
0.000244352
-0.000529888
0.000243209
0.00111626
0.00381246
1.3387e-05
-0.0115249
-0.00032426
0.000458421
-0.00439554
0.00180347
-0.000191919
-0.000586525
0.00138971
0.00027994
-0.000573546
0.00685398
-0.00230734
-0.000206123
-0.000199798
-0.000377426
-0.000573598
0.000195119
-0.000289342
0.0022807
-0.00057502
0.00100642
-0.00057414
-0.000289482
-0.00506609
-8.05395e-05
-6.22009e-06
-0.00158202
0.00550525
-0.165389
0.0339606
0.00108575
-0.0327261
0.0299734
0.0208911
-0.0285032
0.230399
-0.109242
-0.0129269
-0.012951
-0.0120795
-0.0285035
0.0132413
-0.0386233
0.0424665
-0.0285139
0.0325122
-0.0285075
-0.0386244
-0.17037
-0.00322092
-0.000573454
-0.0287058
0.0801378
-0.15295
-0.154107
0.0798365
-0.257595
0.0560592
0.215154
-0.0876069
-0.00688827
-0.00456226
-0.0226592
-0.022664
-0.0221087
-0.0876074
0.0245264
-0.0935697
0.082507
-0.0876231
0.106576
-0.0876134
-0.0935699
0.0120625
0.00213746
0.236596
0.0477685
0.00656199
-0.0212877
-0.0103493
0.00622039
-0.0217176
0.00438871
0.0106994
-0.00746637
0.013258
-0.00351154
-0.00221285
-0.0022075
-0.00231241
-0.00746634
0.00234852
-0.00805285
0.0097983
-0.00746542
0.00625158
-0.00746598
-0.00805262
-0.00813373
0.000100882
0.0100423
0.00255101
0.00028869
-0.00555081
0.00120394
4.70834e-05
-0.00124449
0.000939947
0.00290357
-0.000815172
0.00736356
-0.00365339
2.08311e-05
2.10478e-05
-0.000405051
-0.000815153
-1.2164e-05
-0.000576893
0.00170253
-0.00081464
-0.000954678
-0.000814956
-0.000576859
-0.00551405
-0.000181079
0.00455798
-0.00128472
-0.000296304
-0.00476925
0.00259815
-0.000576188
0.000691429
-0.00124414
0.00339144
-0.000548792
0.00708666
-0.00319383
0.000108568
0.000111899
-0.000317131
-0.000548745
-0.000119796
-0.000344119
0.000753366
-0.000547457
-0.00197799
-0.000548251
-0.000344099
-0.00515922
-0.00020976
0.00545752
-0.00116374
0.000265039
-0.00161991
0.00141004
-0.000481878
-0.00156141
-0.00035471
-0.0070591
0.000562603
0.00122074
-0.00230683
0.00102766
0.00102516
-3.68727e-05
0.000562731
-0.00102964
0.00202921
0.00353389
0.000566208
-0.0035097
0.000564063
0.00202954
-0.00202559
-0.000161703
-0.00703002
-0.00174415
-0.000839653
-0.0084924
0.00541461
-0.00178528
-0.000520018
-0.00418694
0.0101509
-0.0009709
0.00990663
-0.00824186
0.00154472
0.00153659
-0.000602681
-0.000970636
-0.00150109
0.000791082
0.000855675
-0.000963515
-0.0151143
-0.000967906
0.000791495
-0.00859478
-0.000725719
0.0185872
-0.00257783
0.00058531
-0.00283929
0.000437747
-0.00210842
-0.00439306
-0.00529635
0.00233885
-0.00200638
0.00459988
0.000530542
0.00721524
0.00721366
-0.000216283
-0.00200612
-0.00710029
0.00566522
0.00259582
-0.00199905
-0.0110306
-0.00200341
0.0056655
-0.00267437
-0.000523263
0.00549241
-0.00526252
0.00025618
-0.00522841
0.00272895
-0.00145683
-0.00237331
-0.00496164
0.0039982
-0.00107571
0.0048318
-0.00509435
0.00362244
0.00361361
-0.000394301
-0.00107546
-0.00356084
0.00305654
0.00169835
-0.00106871
-0.0145673
-0.00107288
0.00305704
-0.00506189
-0.00056311
0.00610386
-0.00306444
0.0014642
-0.00159371
0.00103127
-0.000978458
-0.00526549
-0.0061779
0.01811
-0.000610737
-0.00507942
-0.00425629
0.00419724
0.00418184
-0.000452875
-0.000610378
-0.00410559
0.00478819
-0.00108526
-0.000600677
-0.024151
-0.000606658
0.00478905
0.000321645
-0.000487183
0.0265088
-0.000174272
7.64359e-05
-0.00271565
0.00161489
-0.000749559
-0.00118082
-0.00203091
0.00382869
-0.000725186
0.00271831
-0.00306377
0.0011874
0.00118248
-0.000229101
-0.000725109
-0.00115413
0.000701693
0.000170585
-0.000723044
-0.00697329
-0.000724317
0.000701862
-0.00291772
-0.000193907
0.00689869
-0.00036409
0.00029476
-0.000946492
0.00066399
-5.43711e-05
-0.000613485
0.000555213
0.00470314
-0.000235436
0.00132617
-0.000924124
0.000627445
0.000630574
-0.000144077
-0.000235415
-0.000626233
0.00070959
0.000430364
-0.000234834
-0.000688559
-0.000235192
0.000709626
-0.00129069
-0.000119775
0.00663554
-0.000905634
-3.30622e-05
-0.0019668
0.00118298
-0.00027428
-4.21499e-05
-2.68673e-05
0.000425427
4.2097e-05
0.00343713
-0.00130547
0.000261539
0.000261379
-0.000132468
4.21102e-05
-0.000266359
0.000510285
0.000639778
4.24627e-05
-0.00250748
4.2246e-05
0.000510355
-0.00260947
-7.38558e-05
0.00133075
-0.000718785
-0.000197911
-0.0090367
0.00668863
-0.000740643
-0.000946848
-0.000844509
0.0190492
-0.00018855
0.0089117
-0.0115275
9.09265e-06
3.19554e-08
-0.000813181
-0.000188275
-6.28008e-05
0.0010974
-0.000186688
-0.00018082
-0.0151558
-0.000185419
0.00109814
-0.0100606
-0.000712051
0.0256316
-0.00217699
0.00204703
-0.00732685
0.00104051
0.00113433
-0.00846831
-0.00143763
-0.00210642
-0.00103923
-0.00459453
-0.00846066
0.000228174
0.00021411
-0.000626469
-0.00103868
-0.000259749
0.00132481
0.0065114
-0.00102391
-0.012674
-0.00103302
0.00132628
-0.00127241
-0.000901253
-0.00778805
-0.0040105
0.00504168
0.00641301
-0.0106598
0.00446085
-0.0149826
0.00179884
-0.00626299
0.00187405
-0.0216136
0.0106543
0.000776207
0.000790786
8.67572e-05
0.00187463
-0.000875755
0.0052169
0.0098129
0.00189027
0.0120098
0.00188062
0.00521873
0.0155698
2.50703e-05
-0.0078808
-0.00255587
0.000175181
-0.00247873
0.000471491
0.000234448
-0.00135076
-0.00134742
-0.000192627
-0.000137415
0.0018242
-0.00116409
-7.42423e-05
-7.51456e-05
-0.000229622
-0.000137323
6.33439e-05
1.11622e-05
0.00115366
-0.000134826
-0.00241987
-0.000136366
1.14795e-05
-0.00143963
-0.000124782
-0.000620807
-0.000449267
-3.86103e-05
-0.00127429
0.000823546
-0.000211387
-0.000271037
-0.00170612
0.00469244
-0.000297894
-0.00120668
-0.00270332
0.000420646
0.000413327
-0.000122499
-0.00029786
-0.000390827
4.77415e-05
-0.00054519
-0.000296946
-0.00778071
-0.00029751
4.78276e-05
-0.00019604
-0.000158069
0.00870344
0.000746996
0.000300455
-0.00092163
0.000815627
-0.000354455
-0.000641566
-0.00113358
0.000912905
0.000351254
0.00161123
-0.000973199
0.000950746
0.000949463
-0.000101507
0.000351333
-0.000942128
0.00153156
0.000672806
0.000353465
-0.004057
0.00035215
0.00153177
-0.00168798
-6.20715e-05
0.00180142
-0.000477503
0.000494979
-0.00131622
0.000248887
-0.00040803
-0.00167488
-0.000973864
0.00319486
-6.5977e-05
0.00229404
-0.000243144
0.00205329
0.00205471
-0.000170834
-6.58899e-05
-0.0020284
0.00237893
0.000602939
-6.35403e-05
-0.00299435
-6.49883e-05
0.00237915
-0.00175161
-9.39562e-05
0.00381347
-0.00155048
1.06611e-05
-0.00222432
0.00194051
-0.000613759
-0.00038165
-0.00130284
0.00197407
0.000201842
0.00343076
-0.00215644
0.00122728
0.00122649
-0.000200083
0.00020191
-0.00122327
0.00173813
0.000592153
0.000203751
-0.00587417
0.000202617
0.00173836
-0.00313703
-0.000148773
0.00317073
-0.00108557
0.000130624
-0.00224829
0.00164711
-0.000969894
-0.00146774
-0.00222442
0.00121245
-0.000513445
0.00341919
-0.00172575
0.00206875
0.0020672
-0.000203903
-0.000513344
-0.00203372
0.0019936
0.0011651
-0.0005106
-0.00631597
-0.000512291
0.0019938
-0.0029805
-0.000224586
0.00233961
-0.00185182
0.000144694
-0.00168369
0.00119762
-0.000336739
-0.000608978
-0.000859602
0.00478858
-0.000515671
0.00115527
-0.00219807
0.000937412
0.000936316
-0.000169765
-0.000515613
-0.000925554
0.000639034
0.000182221
-0.000514048
-0.00321617
-0.000515013
0.000639135
-0.00165601
-0.000186266
0.00670932
-0.000707765
0.000662537
0.000354529
-0.000730545
0.000233174
-0.00234621
-0.000219844
-0.00257575
-0.000615987
-0.00347337
0.000533144
0.000941268
0.000940532
-1.75256e-05
-0.000615953
-0.000924793
0.000639721
0.00240836
-0.000615018
-0.00121709
-0.000615593
0.000639784
0.00197607
-0.000108922
-0.00206519
-0.000672436
-5.51504e-06
-0.00186918
0.00127195
-0.000324399
-0.000949618
-0.00165451
0.001813
0.000346414
0.0016508
-0.00162572
0.00109803
0.00109666
-0.000186799
0.000346533
-0.00110001
0.00152512
0.00142279
0.00034974
-0.00462714
0.000347762
0.0015254
-0.00158666
-0.000125206
0.00605085
-0.000384245
-0.000123977
-0.00233815
0.00112261
-0.000208681
-0.000128603
-0.00121862
-0.000649618
0.000546823
0.00286624
-0.00135263
0.000527014
0.000525664
-0.000152855
0.000546952
-0.000531676
0.0011714
0.000792803
0.000550423
-0.00486791
0.000548281
0.00117174
-0.00218082
-0.000156909
-0.000816731
-0.00090319
-0.000227147
-0.00460784
0.00254238
-0.000503947
-0.000139475
0.000114458
-0.00122017
-8.13447e-05
0.00739115
-0.0029815
-0.000249915
-0.000249534
-0.000336586
-8.12899e-05
0.000234027
-7.93765e-05
0.00153027
-7.98076e-05
-0.000168353
-8.0722e-05
-7.92531e-05
-0.00563905
-7.1101e-05
-0.00191721
-0.000977943
0.00297448
0.00825218
-0.00959722
0.00356198
-0.00814199
0.00172752
0.00257564
-0.000559358
-0.0211066
0.0113553
-0.000238589
-0.000231036
0.000149787
-0.000559304
0.000253969
-0.000151834
0.00160517
-0.000557859
0.00934675
-0.00055875
-0.00015162
0.0162434
0.000393607
0.00165963
0.00300974
0.0136114
-0.101077
-0.00397463
0.0166979
-0.0623162
0.0303788
-0.0255962
-0.0140672
0.0968417
-0.0342702
-0.0103659
-0.0103774
-0.00989496
-0.0140661
0.0104466
-0.0192582
0.0657593
-0.0140363
0.0659425
-0.0140547
-0.0192554
-0.0697026
-0.00124414
-0.0569548
-0.0180098
0.0824925
-0.0229647
-0.201789
0.0955203
-0.28453
0.0351988
-0.0358926
-0.0414705
-0.22178
0.174338
-0.00102537
-0.000937365
-0.01517
-0.0414671
0.00199831
-0.0213174
0.147251
-0.041377
0.138415
-0.0414326
-0.0213075
0.189839
0.00681303
-0.0762964
0.0515774
0.00952021
-0.00014585
-0.0215756
0.0105588
-0.0306927
0.00433322
0.00918184
-0.00451193
-0.0302207
0.0169858
0.000261681
0.000266058
-0.00162678
-0.00451162
-0.000140636
-0.00190663
0.0141617
-0.00450321
0.0103448
-0.0045084
-0.00190569
0.0230415
0.000626501
0.0112111
0.00677578
0.000616502
-0.00176324
-0.00107117
0.000683719
-0.00285672
0.00080693
0.00359306
-0.00117535
0.00126856
0.000834113
0.000193574
0.000196156
-0.00026078
-0.0011754
-0.000184611
-0.000823471
0.00175991
-0.00117681
0.00273524
-0.00117594
-0.00082364
-0.000332212
2.73349e-05
0.00749218
0.000139534
4.86961e-06
-0.00139221
0.0006367
-0.00012888
7.27085e-05
0.000316019
-0.00236017
-0.000106205
0.00283462
-0.000132684
-6.64342e-05
-6.35294e-05
-8.02546e-05
-0.000106201
5.62454e-05
-1.21586e-05
0.000811496
-0.000106092
0.00100268
-0.000106159
-1.21504e-05
-0.00181216
-2.55128e-06
-0.00405927
-0.00060871
0.00013382
-0.000359102
0.000306459
-0.000159191
-0.000264554
-0.00075354
0.00347911
-0.000193102
0.000448513
-0.000760449
0.000381745
0.000380535
-5.7486e-05
-0.000193072
-0.000375534
0.000310473
-0.000380317
-0.000192256
-0.00236189
-0.00019276
0.000310498
-0.000628923
-5.92863e-05
0.00493994
-1.93714e-05
-0.000146387
-0.00132784
0.00100283
-0.000260602
0.000286812
9.58145e-05
-5.25728e-05
-0.000119633
0.00236135
-0.00118296
0.000219122
0.000218444
-8.29029e-05
-0.000119642
-0.000217147
0.000119226
0.000467443
-0.000119892
-0.00086185
-0.000119737
0.000119203
-0.0018915
-5.21449e-05
0.000348902
-0.000465186
-0.000190539
-0.00154118
0.0011761
-0.000370757
0.000105943
-0.000389003
0.00112318
-0.000329384
0.00142966
-0.0023865
9.11569e-05
8.66534e-05
-0.000109068
-0.000329377
-7.38739e-05
-0.000322247
0.000394577
-0.000329189
-0.00110752
-0.000329305
-0.000322246
-0.00175389
-0.000136902
0.00209163
-0.000515621
5.7275e-05
-0.000388546
0.000724242
-0.000179327
-2.16341e-05
-0.000195273
0.00299602
0.000410768
9.56812e-05
-0.00126214
8.31767e-05
8.12687e-05
-7.14256e-05
0.000410816
-7.92997e-05
0.000556045
-0.000220145
0.000412106
-0.00189926
0.00041131
0.000556194
-0.000716709
-3.9694e-05
0.0048806
0.000168533
-0.00015973
-0.00323359
0.00198797
-0.000503641
0.000575896
-0.000902943
-0.000265345
0.000513326
0.00651984
-0.00265149
0.000273646
0.00027343
-0.000190652
0.000513418
-0.000283443
0.00100294
0.000185894
0.0005159
-0.00350194
0.000514369
0.00100324
-0.00507032
-0.000108362
-0.00233721
-0.00114315
-0.000229185
-0.00252015
0.0025442
-0.000631605
4.58566e-05
-0.000356463
0.0102391
0.00012585
0.00318059
-0.0047615
-8.81384e-05
-9.37935e-05
-0.000220985
0.000125935
8.63853e-05
0.000290393
-0.000928489
0.000128221
-0.00609829
0.00012681
0.00029056
-0.00378412
-0.000207303
0.0172842
9.76008e-05
-9.97046e-05
-0.00459789
0.00232041
-0.000784629
0.000416569
-0.000864128
-0.00519888
0.000769604
0.00797716
-0.0018084
0.000338398
0.000343043
-0.000278256
0.000769762
-0.000360314
0.00155055
0.00171488
0.000774028
-0.0022237
0.000771396
0.00155093
-0.00563085
-3.55091e-05
-0.00871983
-0.00153266
0.000507845
0.00206691
-0.000887888
0.00038282
-0.000878982
-0.000206212
0.0039842
0.000107863
-0.00539385
0.000663053
-0.000186407
-0.000188468
4.11954e-05
0.000107912
0.000184277
0.000144097
-0.000983097
0.00010924
-0.0014455
0.000108421
0.000144176
0.00315127
-4.41534e-06
0.00371761
0.000744439
0.000411892
-0.000122197
-0.00105184
0.000489525
-0.000918666
0.000777102
-0.00446829
0.000376549
0.000121975
0.0026349
-9.35327e-05
-8.16057e-05
3.45742e-05
0.000376609
5.3223e-05
0.00069379
0.00113486
0.000378223
0.00425198
0.000377227
0.000693997
0.000917574
7.08717e-05
-0.00826572
-0.000905404
0.000685349
0.00142653
-0.000602065
0.000365169
-0.00127874
-0.000105699
0.000648079
0.000285597
-0.00662748
-0.000682275
-0.000452089
-0.000456483
2.73284e-05
0.000285629
0.000458816
0.000115031
0.000729375
0.000286511
-0.0039779
0.000285968
0.000115126
0.00336947
-4.18998e-05
0.00240978
0.00092567
0.000528865
-0.00102794
0.000200083
0.000198516
-0.00154752
0.000867459
0.00290599
-7.20274e-05
0.00153313
-7.05672e-05
0.000191235
0.000193775
-0.000187252
-7.20161e-05
-0.000200896
0.000575824
0.000582163
-7.17132e-05
-0.00173102
-7.18994e-05
0.000575918
-0.00122293
5.15807e-05
0.00517616
0.000371161
-9.82738e-05
-0.00223359
0.000976117
-0.000219781
0.000282044
0.00019978
-0.00373213
0.000299495
0.00520536
-0.000667157
-7.68196e-05
-7.36803e-05
-0.000104108
0.000299539
6.11518e-05
0.000366804
0.00114931
0.000300721
0.00198928
0.000299992
0.000366933
-0.00342615
-3.02953e-05
-0.00694337
-0.00141426
0.000261645
0.000326154
-0.000726067
0.000354936
-0.00085263
0.000398868
0.00129479
-0.000275801
-0.00115636
0.00071485
0.00015202
0.000153188
-3.70484e-06
-0.000275818
-0.000152671
-6.69051e-05
0.000324034
-0.000276283
0.000716557
-0.000275996
-6.69577e-05
0.000936529
8.76532e-07
0.00211481
3.23495e-05
-0.000273384
-0.00290064
0.00218727
-0.000675026
0.000751188
-0.000312708
0.00198631
0.000181246
0.00523466
-0.00342727
1.16729e-06
-2.61887e-06
-0.000177222
0.000181266
3.76284e-06
0.000265629
-8.39524e-05
0.000181812
-0.00378715
0.000181476
0.000265701
-0.00452148
-9.4879e-05
0.00329342
-0.000480812
-7.19104e-05
-0.00340595
0.00328425
-0.00101783
0.000395971
0.000495672
0.00576496
-7.8303e-06
0.00464104
-0.00631139
-0.000216647
-0.000225302
-0.000277262
-7.80061e-06
0.000235015
8.76459e-05
-0.000785859
-6.99695e-06
-0.00548685
-7.49264e-06
8.77434e-05
-0.00557125
-0.000147631
0.00795466
-9.35505e-05
-2.31346e-05
-0.00149788
0.000460394
7.53103e-05
8.23199e-05
-0.000494144
-0.00222366
0.000502768
0.00290411
0.000283344
8.50957e-05
9.084e-05
-6.99743e-05
0.000502829
-0.000114082
0.0008112
0.00100452
0.000504475
-0.000874172
0.000503459
0.000811389
-0.00146664
-2.99215e-05
-0.00307029
-0.000860493
0.000220444
0.000440279
-0.000265587
0.000111722
-0.000523902
-1.34776e-05
-0.00144539
1.84693e-05
-0.00145246
0.000278772
0.000119632
0.000120075
3.0778e-05
1.84783e-05
-0.000118063
0.000245094
0.000761452
1.87232e-05
-0.000433
1.85723e-05
0.000245116
0.000832399
9.48762e-09
-0.00129841
4.31168e-05
2.75829e-05
-0.00027708
-0.000122251
5.225e-05
-0.000270318
-0.00086642
-0.000640409
0.000108485
-0.00115145
-2.14722e-05
8.60761e-05
8.44375e-05
-4.22923e-06
0.000108516
-8.78128e-05
0.000210051
0.000466761
0.000109373
-0.00288863
0.000108845
0.000210154
0.000777513
-2.83866e-05
0.00102877
0.000331316
-0.000418666
-0.00347741
0.00182927
-0.000517607
0.000673073
-0.00122331
-0.000737894
-0.000329347
0.0052033
-0.00305986
2.15712e-05
1.79722e-05
-0.000164888
-0.000329338
-1.47447e-05
-0.000359407
0.00070791
-0.000329088
-0.0048035
-0.000329242
-0.000359421
-0.00401625
-0.000165023
0.000289905
-0.000698704
-0.000162676
-0.00149261
0.00169345
-0.000488077
0.000347156
-0.00060356
0.0039908
0.000119033
0.00293491
-0.00267902
0.000223667
0.000220073
-0.000144744
0.000119057
-0.000218832
0.000459782
-0.000672256
0.000119705
-0.00423023
0.000119306
0.000459849
-0.00295942
-7.78124e-05
0.00540273
-5.1454e-05
-0.00024809
-0.00226152
0.00235638
-0.00067423
0.000667738
-0.000522879
0.00728225
-3.4472e-05
0.00370702
-0.00388066
8.61122e-05
8.05899e-05
-0.000192422
-3.44661e-05
-7.69984e-05
0.000186847
-0.000813474
-3.43086e-05
-0.00650296
-3.44052e-05
0.000186831
-0.00382109
-0.000144875
0.0121116
7.70966e-05
0.000339272
0.000518542
-0.00121711
0.000556627
-0.000928207
0.0009919
-0.00844635
0.000586493
-0.00151925
0.00283942
-0.000305408
-0.000300253
6.85128e-05
0.000586551
0.000281319
0.000416893
0.00215749
0.000588103
0.00639894
0.000587145
0.000417109
0.00175036
8.15454e-05
-0.0138707
-0.0009986
-0.000291498
-0.00339155
0.00214834
-0.000580895
0.000478873
-2.33296e-05
-0.00298681
0.000544907
0.00595406
-0.00294232
-0.00012202
-0.000123348
-0.00016732
0.000544986
0.000112499
0.000604448
0.00145452
0.000547147
-0.00183004
0.000545814
0.00060465
-0.00477581
-0.000108143
-0.00389112
-0.00132527
0.00208153
-0.00890752
-0.00142913
0.00253222
-0.00926584
0.00265625
-0.0079848
0.00057034
0.00804289
0.000634364
-0.00145665
-0.00145509
-0.00109674
0.000570716
0.00140324
0.000288986
0.0100563
0.000580905
0.00878753
0.000574618
0.00028999
-0.00544463
9.22711e-05
-0.0114403
-0.00117469
0.0171236
0.0382556
-0.0511241
0.0201502
-0.0521859
0.00296188
0.0092598
-0.00200479
-0.104331
0.0622574
-0.0007038
-0.000675579
-0.000173602
-0.00200401
0.000745312
0.00215742
0.0165884
-0.00198305
0.029179
-0.00199598
0.00215951
0.081302
0.00225006
0.0125658
0.0187438
0.00136609
-0.000356926
-0.00299442
0.00151882
-0.00482965
0.0014667
-0.00266555
0.000296373
-0.00194372
0.00471021
-0.00039333
-0.000387446
-0.000275945
0.000296508
0.0003717
0.000563501
0.00345197
0.000300151
0.00487626
0.000297903
0.000563905
0.00246673
0.000229858
-0.00266361
0.000738869
0.000192392
-0.000628248
8.68264e-05
0.000157816
-0.000506407
0.000557031
-0.00347847
-0.000220365
7.85415e-06
-7.65153e-05
5.15322e-05
5.17153e-05
-6.38853e-05
-0.000220348
-5.19994e-05
-0.000190708
0.00157526
-0.000219891
0.00332468
-0.000220173
-0.000190664
-0.000221775
-2.18434e-05
-0.00584969
-0.000496325
-0.000211996
-0.00185285
0.00123225
-0.000349958
0.000545437
-0.000474957
0.00127176
1.28461e-05
0.00345941
-0.0016202
3.46232e-05
3.39493e-05
-0.000117037
1.28649e-05
-3.65925e-05
7.2222e-05
-0.00016496
1.33745e-05
-0.00224136
1.30602e-05
7.22646e-05
-0.00264007
-5.69699e-05
0.00181464
-0.000232207
8.62536e-05
-0.000480017
0.000369964
-8.40845e-05
9.53209e-06
-0.00019074
0.000295862
8.0158e-05
0.0012884
-0.000335171
5.08517e-05
5.11014e-05
-4.87375e-05
8.01674e-05
-5.14273e-05
0.000208674
5.31096e-05
8.04202e-05
-0.000421377
8.02644e-05
0.000208718
-0.00104336
-5.47295e-07
-0.0002094
-0.000126923
-6.22352e-05
-0.00129307
0.000968019
-0.000215773
0.000234505
-0.00100826
0.00262501
9.18071e-05
0.00172681
-0.00146495
0.000186534
0.000185156
-0.000102745
9.18389e-05
-0.000187319
0.00029028
-6.98277e-05
9.26974e-05
-0.00319045
9.2168e-05
0.000290367
-0.00157414
-6.63216e-05
0.00476537
9.54407e-05
0.000339772
0.000138099
-0.000268416
0.000126609
-0.000799774
9.12349e-05
-0.00167948
0.000310841
-0.000638705
0.000394717
1.24457e-05
1.25632e-05
-5.35764e-06
0.000310901
-2.09449e-05
0.000528047
0.00110929
0.000312526
0.000643795
0.000311524
0.000528213
0.000265929
8.03322e-06
-0.00191606
-0.000202771
-0.000132923
-0.00166134
0.000544019
-9.89193e-05
0.000195987
-0.000484663
0.000402266
4.31391e-06
0.00298103
-0.000558655
0.000174373
0.000176023
-9.3242e-05
4.33451e-06
-0.000178428
0.000164195
0.000383845
4.89129e-06
-0.00117477
4.54801e-06
0.000164244
-0.00179675
-5.31684e-05
0.00135839
-0.000440189
-0.000266371
-0.00288376
0.00118409
-0.00025818
0.000362114
0.000210691
-0.00526247
0.000246319
0.00532281
-0.00121217
4.5995e-05
4.82849e-05
-9.7856e-05
0.000246365
-6.27555e-05
0.000351572
0.00189239
0.000247591
0.000313276
0.000246834
0.000351673
-0.00342209
-7.95827e-05
-0.00675422
-0.00150538
-0.000283283
-0.00379212
0.00210642
-0.000571192
0.000807468
0.000594557
-0.00442026
-5.27519e-05
0.00750761
-0.00181815
-0.000288869
-0.00028453
-0.000181347
-5.2755e-05
0.000269671
-0.000116708
0.00128389
-5.28423e-05
0.00132937
-5.27877e-05
-0.000116679
-0.00517028
-2.50302e-05
-0.0070024
-0.00133692
-0.00115114
-0.00893634
0.00729485
-0.00224762
0.00231126
-0.00171269
-0.0124641
0.000749334
0.0120471
-0.00939355
-0.000631566
-0.000639361
-0.000442046
0.000749536
0.000586435
0.000804094
0.00311798
0.000755015
-0.0120372
0.000751636
0.000804471
-0.0108867
-0.000365576
-0.018701
-0.0028428
-0.00107746
-0.00769071
0.00817141
-0.00216836
0.00222019
-0.0025375
-0.0091181
0.0020582
0.011168
-0.00854218
-0.00129029
-0.00129096
-0.000403002
0.00205856
0.00118814
0.00214213
0.00184625
0.00206832
-0.0123104
0.0020623
0.00214299
-0.010602
-0.000279817
-0.0160353
-0.00227559
-0.0124116
-0.134206
0.0778865
-0.0100414
0.00793372
0.0396146
-0.120079
0.00444941
0.188732
-0.102417
-0.00772526
-0.00770932
-0.00723735
0.00445169
0.00706761
0.00137288
0.0874938
0.0045136
0.0399658
0.00447541
0.00137668
-0.148361
-0.00774283
-0.165097
-0.0789885
-0.000946426
-0.101793
0.0641334
-0.00203487
-0.0262084
0.0563469
-0.07025
0.00442642
0.0932284
-0.0932634
0.0047147
0.00469344
-0.00702747
0.00442921
-0.00508296
0.0186131
0.108429
0.0045045
-0.00408297
0.00445807
0.0186171
-0.096165
-0.009269
-0.0656455
-0.0793688
-0.000912668
-0.0167057
0.0085542
-0.000588015
-0.0048684
0.00363785
-0.000885649
-0.00213824
0.0102843
-0.0176121
0.00123381
0.00121333
-0.00109291
-0.00213782
-0.0012402
-0.000199616
0.0131055
-0.00212654
-0.00729924
-0.0021335
-0.000199117
-0.01191
-0.00163265
0.00901991
-0.00959261
-0.000486252
-0.00756473
0.00521296
-0.000765093
-0.000784377
0.000263771
0.000100216
0.00206244
0.00963793
-0.0073289
-0.000381925
-0.000391225
-0.000512135
0.0020628
0.000352359
0.0025356
0.00366108
0.00207265
-0.0146435
0.00206658
0.00253645
-0.0088718
-0.000503556
0.0047872
-0.00256876
0.000189806
0.000200574
-0.000143344
0.000206681
-0.00103914
0.000451342
-0.000188845
-6.27657e-05
-0.0018266
-0.00063529
1.48245e-05
1.11143e-05
-1.83772e-05
-6.27463e-05
-5.03428e-06
3.90344e-05
0.000676715
-6.22201e-05
-0.000800112
-6.25445e-05
3.90965e-05
0.000643881
-6.77723e-05
-0.000294457
-0.000141568
-0.000307113
-0.00317921
0.00197952
-0.000497042
0.000716799
-0.000585501
5.50572e-05
-0.000133714
0.00457323
-0.00275826
-0.000161428
-0.000163418
-0.000175739
-0.000133704
0.000159664
-0.000252611
0.000765776
-0.000133457
-0.00430019
-0.000133609
-0.000252633
-0.0036672
-0.000104909
0.00222779
-0.000205572
-0.000139903
-0.00214334
0.00206545
-0.000608891
0.000394284
-0.000466532
0.00315613
0.000276663
0.00280825
-0.00330525
5.9599e-05
5.46457e-05
-0.000177692
0.000276714
-5.23165e-05
0.000540822
-0.000471008
0.000278091
-0.00552854
0.000277241
0.000540968
-0.00319648
-7.38944e-05
0.00484316
0.000221815
-0.000297907
-0.00277512
0.00223047
-0.00068824
0.000806929
-0.000474035
-0.000100989
0.000169782
0.00525786
-0.00328463
-5.69732e-06
-9.53758e-06
-0.000166091
0.000169807
9.6551e-06
0.000267846
0.000112315
0.000170484
-0.0034023
0.000170066
0.000267942
-0.00452602
-9.1171e-05
-0.000589653
-0.00063551
-0.0004971
-0.0062499
0.00390134
-0.00113863
0.00103731
0.000261996
-0.000229052
0.000213324
0.0120503
-0.00530594
-0.00020749
-0.000208853
-0.000342726
0.000213379
0.000195718
0.000366103
0.000974475
0.000214873
-0.00414788
0.000213952
0.000366253
-0.00925165
-0.000150917
0.00041163
-0.0016367
-0.000533663
-0.00829337
0.00374278
-0.00103028
0.000476641
-0.00111848
-0.0103849
8.46605e-05
0.0141183
-0.0048838
0.000282377
0.000282816
-0.000413043
8.47745e-05
-0.000294305
0.000564719
0.00336789
8.78593e-05
-0.00171906
8.59572e-05
0.000565075
-0.0102135
-0.000186604
-0.0162731
-0.00295943
-5.08219e-05
-0.00255655
0.00114508
-0.000209364
0.000227957
-0.000523315
-0.00655331
0.000405284
0.0051939
-0.000688605
0.00017802
0.000181329
-0.000119287
0.000405324
-0.000192688
0.000773317
0.00164056
0.000406415
-0.00116706
0.000405742
0.000773502
-0.00347486
-9.06633e-06
-0.0104808
-0.00108977
-0.00020692
-0.00244171
0.00193841
-0.000465558
0.000529115
-0.000138824
0.00156678
9.51978e-05
0.00443671
-0.00344435
-8.85912e-05
-9.26492e-05
-0.000160915
9.52388e-05
8.83233e-05
5.57041e-05
0.000307611
9.63489e-05
-0.00120529
9.56641e-05
5.57911e-05
-0.0040501
-0.000145795
0.00123285
-0.00103704
0.000159476
-0.00232839
0.00171019
-0.000380683
0.000131354
0.000497024
0.00351992
-0.000241607
0.0035813
-0.00360195
0.00014057
0.00013614
-0.000193005
-0.000241621
-0.000134572
5.69677e-05
0.000256745
-0.000241983
-0.00241619
-0.000241759
5.69406e-05
-0.00372733
-0.000130551
0.00427306
-0.000719033
-3.4649e-05
-0.00187665
0.00148841
-0.000292528
0.000338586
0.000732426
0.000686881
0.000162082
0.00353126
-0.0017176
-0.00031968
-0.000319799
-0.000138786
0.000162119
0.000298849
2.62966e-05
0.00071553
0.00016313
0.00191832
0.000162506
2.63598e-05
-0.00296801
-6.06387e-05
0.000184607
-0.000909216
-0.000360226
-0.00364898
0.00206067
-0.000610223
0.000867625
0.000426648
-0.00221588
-3.79585e-05
0.00839498
-0.0013178
-0.000232173
-0.000225771
-0.000179968
-3.79525e-05
0.000205527
-5.64145e-05
0.000960295
-3.77955e-05
0.0028673
-3.7891e-05
-5.64162e-05
-0.00548862
-4.08883e-05
-0.00431833
-0.00177276
0.000246553
-0.000400782
0.000130929
0.000124014
-0.000279139
0.000936565
-0.00070525
-6.09405e-05
0.000609195
-6.32485e-05
-0.000236744
-0.000235002
-6.04499e-05
-6.0913e-05
0.000214125
-0.000125244
0.000611464
-6.01707e-05
0.00401887
-6.06283e-05
-0.000125212
-0.000485105
-3.77742e-05
-0.00404547
-0.00108918
0.00124646
0.00331481
-0.00306125
0.00158103
-0.00330298
0.000758339
0.00158594
0.000295617
-0.00968756
0.00351532
-0.000707907
-0.000707066
5.8517e-05
0.000295706
0.000694904
1.95567e-05
0.00133175
0.000298136
0.00114421
0.000296637
1.97838e-05
0.00660545
2.12238e-05
0.00203191
0.000975728
0.000130836
-0.00078896
-0.00072373
0.000414787
-0.000614343
0.000654961
-0.000778295
0.000298071
0.00137298
0.000857341
-0.000371534
-0.000368214
-5.99096e-07
0.000298126
0.000343487
0.000149859
0.000932198
0.000299623
0.00137907
0.0002987
0.00014997
-0.000240722
-5.55669e-05
-0.0011279
-0.00116399
-3.37453e-05
-0.00131558
0.000873925
-0.000226481
8.82541e-05
-0.000300146
-0.000352131
-1.99884e-05
0.00191281
-0.00132391
0.000163392
0.000161718
-8.13867e-05
-1.99802e-05
-0.00015754
0.000262039
0.000317936
-1.97607e-05
-0.00328757
-1.98958e-05
0.000262071
-0.00174688
-5.02959e-05
-0.000272944
-0.000168499
-3.53951e-05
-0.00127647
0.0016521
-0.000175627
0.000417783
-0.000801952
0.00659223
0.000496656
0.00185174
-0.00276615
-0.000380744
-0.00038387
-0.000151382
0.000496715
0.000370316
0.000420248
-0.00115234
0.000498329
-0.00708659
0.000497333
0.000420426
-0.00233628
-0.000119657
0.00916025
0.000375374
-0.000418909
-0.00307414
0.00254173
-0.000494315
0.00104122
-0.00027698
0.00265273
0.000388799
0.00617928
-0.00306306
-0.000277066
-0.000276592
-0.000215007
0.00038884
0.000257615
0.000268313
-7.31172e-05
0.000389969
-0.00249852
0.000389273
0.000268424
-0.00487358
-0.000130757
0.00282249
-0.000969882
0.000141844
0.000132316
-0.000384818
0.000207594
-0.000390243
-0.000146502
0.00114417
-0.000153948
-0.000709265
0.000317458
-1.0512e-05
-8.45651e-06
-4.70788e-08
-0.000153954
8.16325e-06
-8.40467e-05
0.000118134
-0.000154104
0.000198984
-0.000154011
-8.4048e-05
0.000609693
-1.14424e-05
0.00202331
3.53788e-05
-3.06649e-05
-0.000967554
0.000783149
-0.000121637
3.3243e-06
0.000451477
-0.000612546
0.000184274
0.00183231
-0.00109022
-0.000207183
-0.000208903
-6.33505e-05
0.0001843
0.000202467
8.60133e-05
0.000670969
0.000185003
0.000225521
0.000184569
8.60905e-05
-0.00168592
-5.86813e-05
-0.0012079
-0.000668701
-3.8251e-05
-0.000518207
0.000672501
-0.000162894
8.22273e-05
-0.000515801
0.00178139
0.000258968
0.000383213
-0.00114187
-7.22327e-05
-7.46483e-05
-5.06176e-05
0.000259002
7.24457e-05
0.000296154
-5.77403e-05
0.000259933
-0.00360862
0.000259359
0.000296235
-0.00074317
-4.98076e-05
0.00372299
0.000211275
-0.000154898
-0.00173553
0.00130729
-0.000400916
0.000505069
-7.9866e-05
0.000440517
0.000323079
0.00369577
-0.00174767
-7.8157e-05
-7.96196e-05
-0.000103433
0.000323121
7.38029e-05
0.00029202
-2.27354e-05
0.00032425
-0.00120754
0.000323554
0.000292149
-0.00297787
-5.75198e-05
5.2617e-05
-0.000535801
-5.74097e-05
-0.00128835
0.000891393
-0.000201195
0.000307217
9.15933e-05
0.00124759
-6.19316e-05
0.00257357
-0.00132516
-4.0864e-05
-4.00702e-05
-7.474e-05
-6.19431e-05
3.69067e-05
-3.21874e-05
0.000128998
-6.2256e-05
-0.00100181
-6.20626e-05
-3.22053e-05
-0.0020004
-4.93625e-05
0.00234405
-0.000318279
-0.000158417
-0.00144153
0.00139702
-0.000367851
0.000482553
-0.000203046
0.00209448
-3.52584e-05
0.00210062
-0.0021575
8.64024e-05
8.32962e-05
-0.00010633
-3.52579e-05
-8.4254e-05
9.0862e-05
-0.000151881
-3.52467e-05
-0.00347725
-3.52535e-05
9.08692e-05
-0.0021283
-7.40925e-05
0.00378602
2.84202e-05
0.000214425
0.000413608
-0.000231473
0.000146393
-0.000558025
9.52059e-05
-0.00194468
8.30367e-05
-0.000802856
0.000282741
-0.000174261
-0.000174381
-3.36484e-06
8.30522e-05
0.000172924
5.63396e-05
0.000635366
8.34736e-05
0.000778122
8.32134e-05
5.63846e-05
0.00038718
2.6899e-05
-0.00347012
-1.76e-05
0.000217878
2.72413e-05
0.000397972
-7.7381e-05
-0.000188467
-9.32573e-05
0.00217774
0.000130588
-0.000175947
-0.000938213
0.000272505
0.000270612
-5.54791e-05
0.000130614
-0.000266111
0.000481036
-0.000334609
0.000131324
-0.0010999
0.000130886
0.000481126
-0.000541163
-3.1511e-05
0.00163624
-2.30923e-05
-0.000494744
-0.0045453
0.00266138
-0.000685755
0.00104487
0.000209105
-0.00340647
-0.000120769
0.00831394
-0.00375005
-0.000187976
-0.000188989
-0.000209504
-0.000120756
0.000178717
-0.000329012
0.00150495
-0.000120392
0.000190387
-0.000120616
-0.000328974
-0.00627141
-0.000149946
-0.00492053
-0.0016603
0.000290807
-0.00122348
-7.43302e-05
0.000139211
-0.00127079
0.00151629
-0.0109948
-2.49293e-05
0.0026711
0.00120025
2.60576e-05
3.08169e-05
-4.07672e-05
-2.49196e-05
-4.44251e-05
0.000269452
0.00328734
-2.46579e-05
0.00580921
-2.4819e-05
0.00026953
-0.00145804
6.25842e-05
-0.0167351
-0.00154092
-0.000103203
-0.00157523
0.00146737
-0.000191001
3.59507e-05
7.00528e-06
-9.28252e-06
0.000695048
0.00182357
-0.000667364
-0.00018707
-0.000181125
-0.000118054
0.000695142
0.000152146
0.000943093
0.000704923
0.000697686
-0.000412861
0.000696117
0.000943364
-0.00152386
-2.69982e-05
0.000164342
-0.000548455
-0.000229138
-0.00248422
0.00204243
-0.000502357
0.000596999
0.000102007
0.00576249
0.000153048
0.00329113
-0.0032197
-4.79407e-05
-5.08406e-05
-0.000175109
0.000153078
4.05999e-05
0.000211993
1.19395e-06
0.000153885
-0.00510731
0.000153387
0.00021204
-0.0030464
-0.000150478
0.011889
-2.73132e-05
1.41346e-05
-0.000828468
0.000304562
-5.52584e-05
1.55257e-06
-0.00068675
0.000311341
-6.22117e-05
0.000676624
-0.000777971
-0.000110253
-0.000111293
-6.60918e-05
-6.21798e-05
0.000114373
-0.000232601
5.34676e-05
-6.13164e-05
-0.000405532
-6.18488e-05
-0.000232523
-0.000673975
-5.20271e-05
-0.000146846
-5.86078e-05
-0.000115018
-0.00111269
0.000896385
-0.000208106
0.0002624
-0.000406542
0.00210784
0.000104591
0.00174124
-0.00128394
-3.05397e-05
-3.1762e-05
-7.19872e-05
0.000104604
2.89531e-05
0.000172449
-8.97614e-05
0.000104961
-0.00377989
0.000104741
0.00017248
-0.00152467
-5.66663e-05
0.0044751
0.000112229
-0.000229914
-0.00202774
0.0012808
-0.000378794
0.000416134
-7.52296e-05
-0.00487812
4.96962e-05
0.00366117
-0.00182384
-0.000114822
-0.000118326
-7.08299e-05
4.97149e-05
0.000114214
-2.9539e-05
0.00106754
5.02236e-05
-0.00152335
4.99096e-05
-2.94775e-05
-0.00300937
-5.9687e-05
-0.00753373
-0.000729036
-0.000707667
-0.00494852
0.00356025
-0.000966638
0.00166311
-0.000429228
0.000854737
-6.71798e-06
0.00982191
-0.00450709
4.73458e-05
4.68332e-05
-0.000269573
-6.71703e-06
-5.3428e-05
0.000111156
3.26242e-05
-6.69219e-06
-0.00491955
-6.70732e-06
0.000111172
-0.0074417
-0.000156444
0.00128261
-0.00112242
-8.37124e-06
-0.0011069
0.00103641
-0.000299577
0.000306389
-0.000507059
0.00251691
0.000177875
0.00187617
-0.00200146
7.26508e-05
6.9274e-05
-9.46977e-05
0.000177889
-6.40674e-05
0.000278938
-0.000384485
0.000178269
-0.00350299
0.000178035
0.000279003
-0.00200338
-5.8789e-05
0.0037204
6.87537e-05
-9.52826e-05
-0.00206953
0.00123309
-0.000266775
8.66803e-05
-9.62888e-05
-0.0025807
6.03093e-05
0.00429015
-0.00133853
-3.62728e-05
-3.53774e-05
-0.000108751
6.03147e-05
2.90484e-05
0.000235875
0.00125336
6.04574e-05
-0.00129499
6.03699e-05
0.000235906
-0.00317838
-5.66121e-05
-0.00352527
-0.000956963
-0.000361683
-0.00550315
0.00196093
-0.000419417
0.000364039
-0.000449688
-0.015649
0.000239642
0.00972795
-0.00113516
-0.000427661
-0.000422166
-0.000182395
0.0002397
0.000393411
6.62823e-05
0.00425489
0.000241256
-0.000177669
0.000240296
6.64751e-05
-0.00608427
-4.25177e-05
-0.0211961
-0.00200809
-0.000219102
-0.00218948
0.00145072
-0.000357661
0.000546835
-0.000150911
0.00132316
0.000290851
0.00473953
-0.00173896
0.000133721
0.000133793
-0.000144243
0.000290892
-0.000139883
0.0005155
3.89269e-05
0.000292011
-0.00143826
0.000291321
0.000515627
-0.00351858
-6.93699e-05
0.00129521
-0.000789434
-0.000426562
-0.00333952
0.00218315
-0.000578463
0.000855128
0.000428167
-0.00221127
-0.000103055
0.00732627
-0.00199194
1.58565e-05
1.89797e-05
-0.000178846
-0.00010306
-3.39123e-05
1.25395e-05
0.000768846
-0.000103212
0.00117466
-0.000103118
1.25487e-05
-0.00509711
-4.28689e-05
-0.00390272
-0.00122007
0.00020358
-0.000440241
0.000273964
3.22245e-05
-0.000560866
-0.000373532
-0.000337981
0.00016301
0.000578555
2.29463e-06
-0.000189108
-0.000188518
-7.46235e-05
0.00016304
0.000183115
0.000226043
0.000524731
0.000163842
-0.00127386
0.000163348
0.000226125
-0.000619236
3.25113e-05
-0.000437638
0.000222523
-0.000522947
-0.00556073
0.002888
-0.000260172
0.000165137
0.000704737
-0.00760101
0.000629121
0.00891465
-0.0032609
-0.000530831
-0.000528125
-0.000280937
0.000629239
0.000485831
0.00034463
0.0036608
0.000632447
0.000712179
0.000630468
0.000344959
-0.00641715
-0.000220591
-0.0102214
-0.00271046
0.0016873
0.000735039
-0.00369462
0.00226029
-0.00659824
0.00453714
-0.0142723
-8.77678e-05
-0.00493891
0.00787718
-0.000716524
-0.000702233
-0.000159729
-8.76106e-05
0.00063491
0.0005026
0.00750015
-8.3352e-05
0.0132234
-8.59792e-05
0.000503034
0.00517402
0.000152142
-0.0208272
-0.00177614
0.000590704
0.000960376
-0.00154955
0.000691363
-0.00136574
-0.000309124
0.00162215
-0.000384874
-0.00426287
0.00149886
-8.78347e-05
-8.72041e-05
1.22308e-05
-0.000384861
9.24026e-05
-0.000246734
0.000288954
-0.000384532
-0.0021477
-0.000384735
-0.000246709
0.00303308
-1.34672e-05
0.00277537
0.000761083
-0.000287223
-0.00257637
0.00134714
-0.000382786
0.000499592
-0.000365525
-0.000781496
-0.000243558
0.0040871
-0.00203904
-5.16396e-05
-5.36265e-05
-0.000117846
-0.000243558
5.32636e-05
-0.000314563
0.000564414
-0.000243561
-0.00274424
-0.000243559
-0.000314578
-0.00307125
-9.49839e-05
7.56089e-05
-0.000427925
-0.00015645
-0.0032174
0.000423501
-4.90409e-06
0.000141145
0.00158565
-0.0123894
-0.000168733
0.00755868
0.00101493
-0.000324434
-0.000314718
-3.62579e-05
-0.000168741
0.000279484
-0.000317062
0.00356554
-0.000168964
0.00784032
-0.000168826
-0.000317104
-0.00394364
-8.41448e-06
-0.0188921
-0.00285324
-0.000797799
-0.00534967
0.00390697
-0.00105981
0.0016745
-0.000392094
-0.00250673
0.000531469
0.0101031
-0.00494324
-0.0002017
-0.000203295
-0.000291717
0.000531532
0.000190725
0.000464335
0.000456115
0.00053323
-0.0039851
0.000532183
0.000464555
-0.00788053
-0.000190534
-0.0055928
-0.00192776
-0.000124408
-0.00168529
0.000761118
-0.000206171
0.00036362
-0.000716348
0.000396245
-0.000171591
0.00274938
-0.00110985
-8.90361e-05
-9.01393e-05
-9.94278e-05
-0.000171584
9.22276e-05
-0.000300388
-8.78291e-05
-0.000171394
-0.00167404
-0.000171511
-0.000300369
-0.00201062
-4.39064e-05
0.000319794
-5.7128e-05
-8.6412e-05
-0.00178518
0.00185673
-0.000455408
0.000270017
-0.000851027
0.000111419
0.000399057
0.00162737
-0.00270849
-0.000362242
-0.000365219
-9.12296e-05
0.000399111
0.00035819
0.000349478
9.52909e-05
0.000400571
-0.00626058
0.000399671
0.000349631
-0.00227595
-6.80226e-05
0.0012279
0.000322309
-0.00049598
-0.00295082
0.00330493
-0.000818973
0.00116632
-8.18526e-06
0.00973758
5.31282e-05
0.00404545
-0.0057143
-0.000273556
-0.000278965
-0.000205918
5.31298e-05
0.000276408
-0.000111383
-0.00130202
5.31703e-05
-0.00838437
5.31455e-05
-0.000111384
-0.00448524
-0.000228199
0.0173501
0.000292802
7.01749e-05
1.35604e-05
0.000417319
-6.38089e-05
-0.000108425
-0.000423274
0.00200055
0.000378334
-0.000711854
-0.0011812
-0.000126715
-0.000130846
-3.9251e-05
0.000378382
0.000130592
0.000344649
-0.000397861
0.000379693
-0.00327755
0.000378884
0.00034479
-0.00019967
-3.67554e-05
0.00286487
0.000394869
-0.000203571
-0.00224572
0.0013816
-0.000416838
0.000540201
-0.000579378
-0.00176394
-3.86698e-05
0.00450624
-0.0018745
0.000118822
0.00011754
-0.000112854
-3.8664e-05
-0.000115388
9.00995e-05
0.000395161
-3.85058e-05
-0.00234789
-3.8603e-05
9.01429e-05
-0.00343409
-6.4563e-05
-0.00306802
-0.000593902
1.27471e-05
-0.000688388
0.000408442
-6.61255e-05
0.000108548
0.000107506
0.00192349
-2.71725e-05
0.00166241
-0.000604645
-0.000119614
-0.000118898
-5.73137e-05
-2.71712e-05
0.000113966
-4.95498e-05
-0.000267757
-2.71379e-05
-0.000410073
-2.71584e-05
-4.95472e-05
-0.00123194
-1.51549e-05
0.0024504
-9.16908e-05
0.000104463
-3.69503e-05
0.00036517
-7.95572e-05
-0.000117897
-5.55038e-05
0.000490765
3.50161e-05
-3.97501e-05
-0.000539327
-8.91872e-05
-9.02502e-05
-1.66766e-05
3.50322e-05
8.57333e-05
0.00011005
6.47225e-05
3.54682e-05
-0.0007695
3.51993e-05
0.000110092
-0.000412355
5.25098e-06
0.000665027
0.000195972
0.000184354
0.000590338
-0.000425827
0.000128267
-0.000451713
-0.000267125
0.0016544
-1.85725e-05
-0.0020208
-0.000439668
-4.94765e-05
-5.38891e-05
3.01797e-05
-1.85764e-05
6.36258e-05
-4.44685e-05
-4.19135e-05
-1.86835e-05
-0.00376347
-1.8617e-05
-4.44841e-05
0.00101308
-5.04995e-05
0.0039573
0.00045858
-0.000106377
-0.0010906
0.00100417
-0.000296875
-3.83398e-05
-7.02589e-05
-0.000703885
0.000227284
0.00175143
-0.00146874
-0.000249995
-0.000251656
-7.79703e-05
0.00022733
0.000246479
0.000103729
0.000456316
0.000228585
0.000135629
0.000227811
0.000103854
-0.00176558
-2.37064e-05
-0.000973656
-0.000268046
0.000302846
1.10912e-05
-0.000385145
0.000369194
-0.00110378
-0.00028562
0.00146129
7.08299e-05
-0.00156507
0.000399869
-6.97375e-05
-6.94924e-05
-6.73552e-05
7.08859e-05
5.95712e-05
0.000265852
0.000535265
7.24035e-05
-0.00238551
7.14672e-05
0.000266004
0.00102259
-3.60646e-05
0.00303643
0.000314766
0.000220211
0.000789527
1.46983e-05
5.63794e-05
-0.000597739
-4.53875e-05
0.00326712
9.20019e-05
-0.00209054
-0.000659639
-8.95836e-05
-9.34921e-05
-2.05833e-07
9.20127e-05
9.67398e-05
0.00013681
-0.000189354
9.23047e-05
-0.00272209
9.21247e-05
0.000136839
0.000749302
-1.36432e-05
0.00624433
0.000721901
-0.000236279
-0.00222405
0.00158867
-0.000458307
0.000604637
-0.000866946
0.000915067
-0.000123326
0.00340907
-0.00253828
0.000234386
0.00023124
-0.000128034
-0.000123319
-0.000227089
6.63088e-05
0.00017036
-0.000123121
-0.00467553
-0.000123243
6.63084e-05
-0.00292992
-0.000111916
0.00238394
-0.000197055
6.00181e-05
8.29881e-06
0.000233729
1.17801e-06
-3.69291e-05
-0.000178714
0.00105813
1.11782e-05
-0.000454375
-0.000487749
-8.82599e-05
-8.97777e-05
-1.73751e-05
1.1182e-05
8.7863e-05
-2.33185e-07
-5.306e-05
1.12853e-05
-0.00205022
1.12215e-05
-2.20704e-07
7.23598e-06
-1.73617e-05
0.00216299
0.000354033
0.000104988
0.000337748
-0.000344532
0.000126631
-0.000247696
-4.0836e-06
-0.000513467
-8.76666e-06
-0.000745376
0.000600918
9.7731e-05
9.90279e-05
1.80317e-05
-8.76467e-06
-9.99327e-05
0.000126569
0.000245061
-8.71148e-06
0.000509743
-8.74417e-06
0.000126576
0.000665306
1.43658e-05
-0.00071439
-2.83905e-05
-0.000177873
-0.00155487
0.00135751
-0.00043672
0.000458955
-0.000203292
-0.00146625
0.000126832
0.0029484
-0.00196848
-3.28687e-05
-3.57545e-05
-8.11851e-05
0.00012685
3.72223e-05
0.00011508
0.000406794
0.000127336
-0.00163946
0.000127036
0.000115137
-0.00264234
-5.63103e-05
-0.00226722
-0.000446322
-3.62602e-05
-0.000849401
0.000903463
-0.000278205
0.000236576
-0.000448617
0.00262964
-4.35559e-05
0.00125216
-0.00158689
-7.12697e-05
-7.4274e-05
-7.55053e-05
-4.3555e-05
7.90726e-05
-7.04029e-05
-0.000445341
-4.35316e-05
-0.00320205
-4.35458e-05
-7.04009e-05
-0.0014679
-4.2288e-05
0.00436092
0.000353159
-0.000298419
-0.00267097
0.00157479
-0.000418306
0.000747516
-0.000260977
-0.00417403
0.000212714
0.00539188
-0.00166601
-6.54613e-05
-6.50604e-05
-0.000117022
0.000212742
5.57437e-05
0.000194377
0.000856397
0.000213506
-0.00102659
0.000213035
0.000194471
-0.00384477
-5.88283e-05
-0.00708077
-0.00105222
-0.000157441
-0.00151857
0.000830254
-0.000243732
0.000267065
0.000179131
-0.00397473
-0.000199484
0.00259288
-0.0012596
3.85913e-05
3.72282e-05
-3.68961e-05
-0.000199485
-3.4366e-05
-0.000235321
0.000990142
-0.000199502
0.000402541
-0.000199492
-0.000235324
-0.00204192
-5.27166e-05
-0.00584999
-0.000630935
-0.00016462
-0.00204116
0.00144166
-0.000299273
7.65881e-05
0.000531636
-0.00283949
0.000236216
0.00306098
-0.00168725
-0.000170611
-0.000170483
-0.000101779
0.000236255
0.00015451
0.000237374
0.00145098
0.000237295
7.57408e-05
0.000236653
0.000237476
-0.00251577
-4.43776e-05
-0.00282808
-0.000702301
-0.00021716
-0.00208956
0.00167708
-0.00030121
0.000416716
-0.000729019
0.00196565
0.000129189
0.00303771
-0.00230297
9.88805e-05
9.70882e-05
-0.00016681
0.00012925
-0.000104173
0.000298466
-0.000309863
0.000130904
-0.00319791
0.000129883
0.000298634
-0.00272655
-0.000119762
0.00149678
-0.000390769
-0.000822801
-0.00433659
0.00475894
-0.00057668
0.00105297
0.00321961
0.010189
-4.33442e-07
0.00899098
-0.00419165
-0.00116117
-0.00115129
-0.000357041
-4.0585e-07
0.00106093
-0.000296043
-0.000259584
3.38704e-07
0.00495963
-1.20025e-07
-0.000295995
-0.007026
-0.000243413
0.0125218
-0.00269258
-4.07175e-05
-0.00225652
0.00206199
-0.000328489
-0.000593089
-0.00109412
0.00560581
0.00255356
0.00326007
-0.00228956
-0.000666649
-0.000668986
-0.000308175
0.00255389
0.000613748
0.00259285
-0.000815919
0.0025629
-0.00310096
0.00255734
0.00259376
-0.00336197
-2.96462e-05
0.0044816
-0.000718817
0.000337227
-0.000825295
9.23596e-05
0.000319956
-0.000667802
-0.000439097
-0.00112084
0.000470523
-0.000729228
-0.000350948
-0.000466806
-0.000469151
-8.31009e-05
0.000470612
0.000447993
0.000306574
0.000999425
0.000473039
-0.00336215
0.000471542
0.000306867
6.43719e-05
-7.14728e-05
-0.00161973
2.83973e-06
0.000633288
-0.00179322
0.000939734
0.000248723
-0.00280565
-0.000513649
0.00270738
-0.000414972
-0.000792816
-0.00220154
0.000296627
0.000291699
-0.0003201
-0.00041481
-0.000295317
0.000392806
0.00124016
-0.000410415
-0.00229698
-0.000413127
0.000393231
-0.00111393
-0.000155319
0.00136542
3.73908e-05
0.000217617
-3.58035e-06
0.000755638
2.33087e-05
-0.000626489
-0.000246986
0.00581204
-4.954e-05
0.000266624
-0.00123478
0.000210506
0.00020964
-0.000134785
-4.95434e-05
-0.000208167
0.000438256
-0.00078734
-4.96361e-05
-0.00342021
-4.95786e-05
0.000438289
-0.000959732
-2.75743e-05
0.00731708
0.000419971
0.000166732
0.000401871
-0.000146184
6.30534e-05
-0.000264115
-0.000495331
0.00147013
-3.30248e-05
-0.0015619
-0.000365983
0.000117281
0.000115039
-4.58929e-06
-3.30182e-05
-0.000107976
7.43391e-05
-0.000201236
-3.28394e-05
-0.00190627
-3.29497e-05
7.43606e-05
0.000698339
-1.2411e-05
0.00236262
0.00050309
-6.91021e-05
-0.000736049
0.000601963
-0.000196105
0.000190134
-3.68954e-05
-0.000280691
-1.42933e-05
0.00158957
-0.000704465
8.92676e-05
8.88923e-05
-3.84335e-05
-1.42918e-05
-8.88851e-05
0.000106999
0.000133634
-1.42524e-05
-0.000538738
-1.42767e-05
0.00010701
-0.00128564
-1.50551e-05
-0.000416737
-0.000185109
-5.4207e-06
-0.000603419
0.000333677
-9.40174e-05
8.61599e-05
-0.000131657
-0.000650273
4.52122e-05
0.00133447
-0.000407856
-5.32011e-05
-5.32054e-05
-2.85638e-05
4.52212e-05
5.156e-05
5.16966e-05
0.000174552
4.54626e-05
-0.000550993
4.53136e-05
5.17277e-05
-0.00099841
-1.13965e-06
-0.000993031
-8.78153e-05
-2.1322e-05
-0.000468734
0.000482991
-0.000173873
9.58934e-05
-0.000204207
0.000901936
-2.47268e-05
0.000641929
-0.00104734
-3.82186e-05
-4.03225e-05
-3.11949e-05
-2.47257e-05
4.42994e-05
-4.04151e-05
-0.000157453
-2.46969e-05
-0.00171866
-2.47145e-05
-4.04085e-05
-0.000834001
-2.52564e-05
0.00171936
0.000153899
0.000248312
0.000966332
-0.000326919
0.000329652
-0.000838701
0.000799771
0.000461833
0.000239148
-0.0043401
-4.67733e-05
-0.000489402
-0.000490638
5.09251e-05
0.000239188
0.000470866
6.47009e-05
0.000538779
0.000240253
-0.00109958
0.000239596
6.48051e-05
0.00247205
-4.26727e-05
0.0018573
0.000246246
-0.000400608
-0.00327876
0.00330725
-0.00089398
0.00100719
-0.0012138
-0.00262184
0.00067477
0.00541425
-0.00420992
-0.000311218
-0.000315759
-0.000177573
0.000674874
0.000297797
0.000662672
0.00084128
0.000677707
-0.00715509
0.000675959
0.000662933
-0.00516162
-0.000132418
-0.00318224
-0.000428241
-1.69036e-06
-9.9485e-05
2.07045e-06
1.23291e-05
-4.38425e-05
-6.68169e-05
-0.000785804
3.86505e-05
-4.73582e-05
-0.000122827
-3.0864e-05
-3.20933e-05
1.13913e-06
3.86546e-05
3.11962e-05
2.98366e-05
0.000213607
3.87653e-05
-0.000901137
3.8697e-05
2.98512e-05
-3.20458e-05
-8.70162e-06
-0.00089014
-1.75816e-06
-0.000194379
-0.00181519
0.00144757
-0.000332132
0.000325226
5.06083e-05
-0.00193692
0.000477713
0.00347038
-0.00153243
-0.000225494
-0.000225537
-9.49769e-05
0.000477763
0.000209279
0.000342644
0.00114324
0.000479121
-0.000253045
0.000478283
0.000342784
-0.00273911
-4.28526e-05
-0.00158143
-0.000617244
-0.000164804
-0.00122409
0.00143245
-0.000360993
0.000368662
-0.00049456
0.00384786
0.000141237
0.00199129
-0.00218427
8.31799e-05
7.97936e-05
-0.000102865
0.00014125
-8.133e-05
0.000302136
-0.000404373
0.000141596
-0.00442503
0.000141383
0.000302175
-0.0021362
-7.87397e-05
0.00676858
0.000153429
-9.44338e-05
-0.00122505
0.000887883
-0.000259684
0.000343476
-0.0002327
0.00067337
9.46082e-06
0.00234797
-0.0011416
-6.31386e-05
-6.41944e-05
-7.86197e-05
9.46254e-06
6.31541e-05
5.16444e-06
-5.09181e-06
9.50774e-06
-0.00208122
9.4802e-06
5.17146e-06
-0.00188825
-2.9329e-05
0.00134484
-4.33439e-05
0.000213058
0.000861431
-0.000435033
0.000129385
-0.000410577
-0.000151796
0.0015526
8.71235e-05
-0.00198765
0.000137962
-1.78301e-05
-1.92807e-05
3.07196e-05
8.71339e-05
2.26076e-05
0.000131841
-0.000219681
8.74154e-05
-0.00108178
8.72418e-05
0.000131875
0.00112959
1.09125e-05
0.00273639
0.000478362
-6.94365e-05
-0.000706766
0.000274306
-5.16738e-05
7.03164e-05
0.00063177
-0.00145529
-8.27779e-05
0.00170481
0.000126763
-0.000103679
-0.00010178
-2.98891e-05
-8.27725e-05
9.25117e-05
-0.000107857
0.00042421
-8.26239e-05
0.00193459
-8.27156e-05
-0.000107856
-0.000992858
3.52228e-06
-0.0027416
-0.000491711
-0.000244544
-0.00238179
0.00138586
-0.000426558
0.000504306
-0.00089179
-0.00120226
6.23741e-05
0.00399679
-0.00189258
-0.000119537
-0.000120829
-0.000105601
6.24053e-05
0.000119047
-2.69985e-05
0.000292912
6.32498e-05
-0.00288633
6.2729e-05
-2.69106e-05
-0.00305669
-8.03518e-05
-0.00145607
-0.000441508
-3.46251e-05
-0.000965206
0.000430707
5.36939e-05
7.32026e-05
-0.000642985
-0.000118641
0.000614697
0.00138318
-0.000179346
7.57535e-05
7.71095e-05
-5.27858e-05
0.00061476
-9.41171e-05
0.000751464
0.000829451
0.000616467
-0.00251499
0.000615414
0.000751639
-0.000782946
-4.22568e-05
0.00182805
-0.000213855
6.28119e-05
-0.000827978
0.000273393
-3.81287e-05
-0.000103622
0.000277188
-0.00149502
-0.000141999
0.0018744
-8.29743e-05
0.000257113
0.000258926
-4.74914e-05
-0.00014201
-0.000256878
0.000161269
0.000788968
-0.000142292
0.00123187
-0.000142117
0.000161242
-0.0012401
4.5316e-07
-0.00243612
-0.000538809
-0.0595927
-0.0274893
-0.0211303
0.102901
0.0053112
-0.0610498
0.286137
-0.215743
-0.117133
0.107789
0.164036
-0.30091
0.233982
0.0483261
-0.145434
-0.0594772
0.0265261
-0.0497811
0.120837
-0.0381046
0.0388554
-0.0820984
0.149053
0.0929401
-0.19875
-0.402321
0.346044
-0.00415491
0.474704
-0.414273
-0.393105
0.49059
0.317242
-0.629972
0.215246
0.539057
-0.059406
-0.167617
-0.170321
-0.141713
0.182658
-0.668737
0.476678
0.25707
-0.247668
-0.0816671
0.342398
-0.435315
-0.0210683
0.195653
-0.134122
-0.207423
-0.1749
-0.0904805
0.606925
-0.134128
-0.207395
-0.175243
-0.0903484
0.607115
-0.00122297
0.0177819
-0.0182219
-0.00351748
0.00518045
0.539056
-0.0594061
-0.167618
-0.17032
-0.141713
0.0848842
0.14145
0.186863
0.204813
-0.618011
0.400551
-0.27085
-0.339315
-0.257092
0.466706
-0.0105861
-0.212248
-0.0630136
0.255593
0.030254
0.539044
-0.0594103
-0.167629
-0.170291
-0.141713
-0.365673
0.388329
-0.109602
0.482955
-0.396008
0.539052
-0.0594077
-0.167622
-0.170309
-0.141713
0.400548
-0.270851
-0.339315
-0.257089
0.466707
-0.190721
0.520352
-0.455805
-0.116628
0.242801
0.00226979
0.016765
-0.0118763
-0.0020929
-0.00506557
-0.389595
0.447446
0.248386
-0.525174
0.218937
-0.0504633
0.206087
0.0115769
-0.0267033
-0.140497
-0.0050743
0.00506614
0.0344533
-0.0343554
-0.00435492
-0.0280847
-0.0157834
0.0377807
-0.0445757
-0.00685254
-0.0263387
-0.0406978
-0.0575287
0.0353111
0.0159889
0.0247109
-0.00327926
-0.0316091
-0.0307174
0.00968514
0.017526
0.0307229
-0.0280207
0.00892884
-0.0340833
-0.0307841
-0.53723
0.614766
0.110019
-0.15677
