CLASSIFICATION
3
270
2
5
sigmoid
softmax
7.1489e-08
-4.10138e-08
1.61518e-05
-1.60643e-05
-0.00175391
0.00176609
1.30344e-06
-1.26474e-06
4.48848e-06
-4.3452e-06
0.00229214
-0.0022865
-7.35388e-06
7.3085e-06
0.000653726
-0.000651413
-1.38999e-06
1.3711e-06
1.91341e-06
-1.90188e-06
5.31242e-06
-5.29217e-06
0.000826209
-0.000820932
0.000492219
-0.000473608
0.00146033
-0.00145275
0.000313713
-0.000312703
0.0120317
-0.0119645
-0.00637449
0.00644774
3.4378e-05
-3.45009e-05
0.000165684
-0.000164465
1.18743e-05
-1.17929e-05
1.72063e-05
-1.71764e-05
4.22683e-06
-4.25618e-06
4.02666e-06
-4.04972e-06
3.4206e-06
-3.45275e-06
-5.30458e-07
4.88719e-07
-9.57578e-06
9.54583e-06
1.0921e-06
-1.14551e-06
0.000348072
-0.000347425
0.00508448
-0.00505962
0.0912506
-0.0907427
0.0130677
-0.0130285
-0.00147266
0.00147574
-0.0101015
0.010126
-9.17485e-05
9.17655e-05
-0.000291642
0.000291108
-5.57045e-05
5.57368e-05
3.42813e-05
-3.4099e-05
-2.07765e-05
2.05863e-05
-6.63628e-05
6.63958e-05
0.000325319
-0.00032451
-1.55201e-06
1.53467e-06
-6.43289e-05
6.4546e-05
-0.000327982
0.000327723
0.000245507
-0.000239024
0.000303414
-0.000302294
0.000339155
-0.00033413
-1.39103e-05
1.39512e-05
-1.75654e-05
1.74924e-05
2.71801e-06
-2.74041e-06
-2.60522e-05
2.61464e-05
-6.32272e-06
6.63911e-06
-7.91643e-05
7.94573e-05
1.18584e-05
-1.18479e-05
-0.00030878
0.000309386
0.000509165
-0.000507571
0.00230558
-0.00229901
-0.0024422
0.00244071
-0.0172673
0.0172691
-0.000870693
0.000869739
-0.00216337
0.00216369
-4.58944e-05
4.56594e-05
-0.000146582
0.000147046
-0.0020751
0.00208301
-0.0155144
0.0155722
-0.000585303
0.000589651
0.000581882
-0.000579713
0.000176374
-0.000175684
8.00338e-05
-7.93207e-05
0.000323411
-0.000322291
0.000749986
-0.000747906
-0.00273519
0.00273449
-0.0194057
0.0194001
-0.00117422
0.00117373
1.38346e-05
-1.39783e-05
-6.92438e-06
6.83257e-06
-9.28596e-05
9.29965e-05
-0.00360629
0.00361865
-0.018628
0.0187017
-0.00533676
0.00536212
-0.00143948
0.0014437
-0.000159006
0.000159127
-0.000520787
0.000520796
0.000148308
-0.000147555
-0.000289891
0.000290672
-0.0020998
0.00209884
-0.00859321
0.00859405
-0.000162157
0.000163013
-0.000175383
0.000174996
-0.00156436
0.00156784
0.00206002
-0.00202637
-0.00306511
0.00307562
-0.0132264
0.0132767
-0.00259801
0.00261012
-0.00127933
0.00128543
0.000264415
-0.000262531
0.000102908
-0.000101953
5.48348e-05
-5.49561e-05
-0.000497643
0.000498759
-0.000140568
0.000140851
-5.95545e-05
6.14323e-05
4.03303e-05
-4.00088e-05
0.000367643
-0.000365929
-2.07968e-05
2.09576e-05
-0.000606211
0.000607039
-0.000797859
0.000803833
-0.00583833
0.00586702
-0.00284286
0.00286654
-0.00086669
0.000872248
-0.000469731
0.000470366
-0.000648884
0.000649215
0.000266533
-0.000264681
-0.000764981
0.00076339
-0.0330041
0.0329934
-0.101286
0.101284
-0.00857158
0.00857361
-0.000976319
0.000976744
-0.000642301
0.00064343
0.00063104
-0.0006278
-0.00110425
0.00111096
-0.00243517
0.00244179
-0.00132263
0.00132888
-0.000817877
0.000827125
-0.000886591
0.000888455
-0.000339081
0.000339495
7.21044e-06
-7.02848e-06
-0.000397759
0.000404343
-0.00147199
0.00148572
0.00199179
-0.0019771
-0.000140761
0.000143056
-0.00031618
0.000317083
0.000413216
-0.000411179
-0.000100605
0.000102781
0.000216339
-0.000214756
-0.000657966
0.000660448
-0.000655968
0.00065732
-0.000796336
0.000797055
0.000452288
-0.000449196
0.000673641
-0.000670275
-8.39115e-05
8.52264e-05
-0.000648925
0.000650574
-0.0152809
0.0153097
-0.0455439
0.0456435
-0.00500123
0.00501045
-0.00138675
0.00138528
-0.000148936
0.000148983
-0.000236477
0.000237314
-0.000158954
0.000158605
-0.000380002
0.000380006
0.000500971
-0.000499756
0.000609261
-0.000606903
0.000147947
-0.000145793
0.000910799
-0.000906572
9.51463e-05
-9.37815e-05
0.000372808
-0.000371248
0.000312099
-0.000311196
-0.00014737
0.000147608
0.000358688
-0.000357607
-0.000349714
0.000349225
0.000219605
-0.000219149
-4.86893e-05
4.93281e-05
0.000590055
-0.000588411
3.20545e-06
-2.95925e-06
0.000142672
-0.000141841
-0.00036797
0.000368195
0.000131499
-0.000130886
-6.49837e-05
6.50592e-05
0.000698948
-0.000697604
0.000663907
-0.00066184
0.000882279
-0.000872335
-0.00205559
0.00207842
0.000390605
-0.000386989
-0.000273164
0.00027344
1.97023e-05
-1.92094e-05
9.38449e-05
-9.36271e-05
0.000131597
-0.000130775
0.000360937
-0.000359411
2.57809e-05
-2.52321e-05
0.000305035
-0.000303849
-0.000108563
0.000108307
0.000751707
-0.000746417
0.00222185
-0.00221237
0.00494549
-0.00489256
0.00373872
-0.0036738
-0.00269058
0.00270036
0.00247074
-0.00246113
-9.75886e-05
9.80294e-05
-0.000152302
0.000152547
0.00032493
-0.000323602
0.000211317
-0.000210727
0.000225753
-0.000224406
0.00014464
-0.000141814
0.000480932
-0.000479884
0.000121906
-0.000120927
-0.000345685
0.000345157
0.000153934
-0.000153161
-9.04067e-05
9.03662e-05
-0.000133764
0.000134348
0.000333148
-0.00033076
0.000349141
-0.000347633
-4.06508e-05
4.08707e-05
0.000568184
-0.000566545
0.000457182
-0.000456148
-0.000195838
0.000195686
0.000208266
-0.000207713
0.000311682
-0.000310744
0.000385515
-0.000384496
-9.18235e-05
9.14645e-05
-5.69413e-05
5.68783e-05
9.50295e-05
-9.45802e-05
0.000136599
-0.000135969
-0.000154342
0.000154486
-8.47802e-05
8.48136e-05
0.000788111
-0.000785731
0.0001513
-0.000150615
-4.30382e-05
4.38686e-05
0.000117759
-0.000117395
4.61081e-05
-4.56868e-05
-1.59076e-05
1.58723e-05
0.00021783
-0.000217472
4.9606e-05
-4.95295e-05
0.000290541
-0.000289068
0.000350987
-0.000349957
-0.000151973
0.000151655
0.000191929
-0.000191106
0.000754557
-0.000751663
-0.000251415
0.000255147
-0.000490078
0.000490447
-0.000287395
0.000287342
-0.000269864
0.000269422
0.000639051
-0.000637527
-0.000187876
0.00018804
0.00046583
-0.000464353
2.24574e-05
-2.25134e-05
0.000460634
-0.000459304
-4.16114e-05
4.17252e-05
-4.45953e-05
4.46285e-05
9.45932e-06
-9.05902e-06
-2.55979e-05
2.55566e-05
0.00027569
-0.000274521
6.06799e-05
-5.91913e-05
9.30456e-05
-9.27703e-05
-0.000133721
0.000133917
5.5167e-06
-5.4027e-06
-1.62163e-05
1.62749e-05
0.000155519
-0.0001551
-4.9424e-05
4.94388e-05
0.000262296
-0.000261582
-0.00024217
0.000242073
0.00026156
-0.000260637
0.000161813
-0.00016026
-0.000302003
0.000301963
0.00310382
-0.00309495
0.000565423
-0.000563133
-0.000537639
0.000541675
-8.94116e-05
8.93176e-05
-3.34996e-05
3.37071e-05
-2.82846e-05
2.82799e-05
5.30162e-05
-5.27644e-05
-3.07502e-05
3.07812e-05
0.000197018
-0.000196055
0.000788256
-0.000785462
4.00248e-05
-3.99095e-05
0.000580495
-0.000579256
0.000155456
-0.000155174
7.35411e-06
-7.33007e-06
0.000101706
-0.000101392
-0.000125186
0.000125257
0.000103424
-0.000102619
0.000761702
-0.000759992
-0.000181415
0.000181079
1.09279
-0.275333
-0.272081
-0.270816
-0.274562
-1.09353
0.275515
0.272261
0.271016
0.274742
0.0555054
-0.118768
0.498402
-0.126275
-0.123718
-0.122742
-0.125667
