CLASSIFICATION
3
270
2
5
sigmoid
softmax
-6.62698e-07
-2.68656e-05
1.64948e-05
-1.64943e-05
-0.00198945
0.00277602
1.21137e-06
-8.75304e-07
3.453e-06
1.13623e-05
0.00238972
-0.00139742
-7.87576e-06
-2.88178e-05
0.000682891
-0.00040814
-1.62732e-06
5.57276e-06
1.89775e-06
-2.0551e-06
5.44723e-06
-3.3396e-06
0.000797738
-0.00140139
0.000490323
-0.00209218
0.0014226
-0.00245022
0.000318477
-0.000423931
0.0123275
-0.0183799
-0.00640858
0.00916001
3.17739e-05
-0.000261462
0.000161267
-0.00019263
1.15236e-05
-5.96578e-05
1.65055e-05
-1.69769e-05
2.83348e-06
-0.000102086
2.56446e-06
-4.77971e-05
1.57626e-06
-2.67129e-05
-1.6592e-06
1.24776e-06
-1.04165e-05
-4.39565e-05
-6.73167e-07
-0.000181016
0.000354373
-0.000641211
0.00530064
-0.00305837
0.0946793
-0.0780576
0.0133248
-0.00954054
-0.00154593
0.000800268
-0.0106239
0.00043918
-9.65135e-05
-5.85087e-05
-0.000299022
0.000220256
-5.85624e-05
0.000101537
3.28644e-05
-0.000135309
-2.07024e-05
6.47761e-05
-7.29208e-05
-0.00012092
0.000332467
-0.000453168
-4.11821e-06
1.04258e-05
-7.66211e-05
-3.84379e-05
-0.000327103
0.000512579
0.000280032
0.000842923
0.000310658
-0.000316632
0.000349308
-0.000219767
-1.91293e-05
-2.09166e-05
-2.42978e-05
2.43187e-05
2.03203e-06
-9.26762e-05
-2.96272e-05
6.74576e-05
-1.12827e-05
-1.85287e-05
-9.54637e-05
-0.000118623
1.43802e-05
7.27213e-05
-0.000328401
0.000457259
0.000517705
-0.00038989
0.00234922
-0.00236961
-0.00246562
0.00280335
-0.0175312
0.0164279
-0.000897842
0.000298255
-0.00221572
0.00248769
-5.21197e-05
-0.000127772
-0.000168452
-0.000515181
-0.00256605
-0.0070533
-0.0191761
-0.0584081
-0.000808026
-0.00376331
0.000555568
-0.00191949
0.000178209
-0.000418772
6.73623e-05
-0.000463096
0.000326628
-0.000399769
0.000759925
-0.00125081
-0.0027765
0.00248119
-0.0198778
0.011509
-0.00120518
0.000532344
9.38077e-06
-0.00027708
-9.91794e-06
-3.25991e-05
-0.000119676
-0.00047269
-0.00445899
-0.0121379
-0.0230099
-0.0654897
-0.00676932
-0.0220293
-0.00177618
-0.00521514
-0.00019163
-0.000439977
-0.000535657
0.000407584
0.000145778
-0.00040973
-0.000296633
0.000480257
-0.00209659
0.00349533
-0.00867861
0.00952063
-0.000171319
-0.000388006
-0.000182333
-6.5518e-05
-0.00163757
0.00147934
0.0019624
-0.00545044
-0.00375894
-0.00944996
-0.0164119
-0.0462537
-0.00333884
-0.0122649
-0.00167091
-0.00656921
0.000197413
-0.00144611
9.09418e-05
-0.000505296
4.64059e-05
-0.000460971
-0.000548847
-0.00030028
-0.000157367
-0.000279907
-0.000111739
-0.00201837
3.89202e-05
-0.000370082
0.000373701
-0.000696363
-3.43183e-05
-0.000299551
-0.000688519
-0.00144647
-0.00115616
-0.00692428
-0.00735722
-0.0262654
-0.00363421
-0.0146539
-0.00117102
-0.005235
-0.000545477
-0.00100651
-0.000688303
0.000274901
0.000224797
-0.00135228
-0.000805314
0.000589292
-0.0329572
0.0481497
-0.10208
0.111004
-0.00862393
0.00948103
-0.000994862
0.000803458
-0.000685502
0.000379888
0.000594387
-0.00236563
-0.00129274
-0.00118169
-0.00289093
-0.00728291
-0.00157314
-0.00396903
-0.00111115
-0.00610157
-0.000986947
-0.000951309
-0.000390353
-0.000733745
-1.70983e-05
-0.000550564
-0.000460733
-0.000982109
-0.00163608
-0.00119808
0.00190378
-0.00572501
-0.000156265
-0.000101642
-0.000334917
-0.000209794
0.000375732
-0.00190333
-0.000201571
-0.00294423
0.000161085
-0.00214706
-0.000814171
-0.00250968
-0.000721162
-0.000756328
-0.000873309
-0.00069483
0.000431828
-0.00196524
0.000661268
-0.00150252
-8.22703e-05
0.000145471
-0.000664552
0.000210624
-0.0149519
0.0243838
-0.0460808
0.0215485
-0.00505815
0.00198095
-0.00141908
0.00103428
-0.000161199
7.05945e-05
-0.000268658
-0.000411121
-0.000168229
-0.000103883
-0.000401374
0.000389989
0.000510664
-0.000661455
0.000606116
-0.00124613
0.00014135
-0.000285758
0.000894023
-0.00189322
8.35899e-05
-0.000133533
0.000377008
-0.000706312
0.000319354
-5.67631e-05
-0.000163699
-0.00057427
0.000359404
-0.000405313
-0.000355158
0.00013082
0.000222534
-0.000304548
-5.77914e-05
3.80617e-05
0.000595813
-0.000999037
-1.88262e-06
-0.000263334
0.000143818
-0.000318902
-0.000384023
0.000351037
0.000126861
-0.000562748
-7.95217e-05
-0.000180435
0.000721393
-0.000408012
0.000678599
-0.000684036
0.000972136
-0.000226783
-0.00219313
-0.00313212
0.00039892
-0.000610689
-0.000272562
0.000311981
1.82533e-05
-0.000110698
9.02e-05
-0.000253342
0.000132446
-0.000418247
0.000356873
-0.000586532
2.14001e-05
-0.000250487
0.000312109
-0.000399208
-0.000114178
0.000262683
0.000726861
-0.000793397
0.00223212
-0.00230004
0.00505607
0.00450477
0.00322586
-0.0133165
-0.00286526
0.0010873
0.00247397
-0.00287087
-9.7859e-05
3.97605e-05
-0.000152875
0.000300539
0.000326467
-0.000647571
0.000208808
-0.000334089
0.000218616
-0.000324635
0.000141521
-0.000750261
0.000488275
-0.00096632
0.000124116
-2.53204e-05
-0.000356255
8.50445e-05
0.000153106
0.000133269
-0.000107111
0.000195152
-0.000141992
0.000322526
0.000340248
0.00010785
0.000357154
-0.000102117
-4.941e-05
-0.000310311
0.000579788
-0.000490322
0.000472832
-0.000279078
-0.000201388
0.000109266
0.000210916
-1.42761e-05
0.000311513
-0.000372567
0.000390784
-0.000325272
-9.5145e-05
8.32472e-05
-5.97052e-05
-8.7197e-05
9.41513e-05
-4.80927e-05
0.000131398
-0.000553121
-0.000148014
0.000485326
-9.40006e-05
-0.000146486
0.000800642
-0.00103992
0.000149921
-0.000152149
-4.47469e-05
0.000220257
0.000116512
-0.000208238
5.01808e-05
6.90348e-05
-1.44766e-05
-0.00012839
0.000220511
-0.000355676
4.16743e-05
-0.000236226
0.000297861
-8.41397e-05
0.000352571
-0.000615752
-0.000152774
6.43388e-05
0.000190772
-0.000271922
0.000789403
-0.000270152
-0.000301245
-7.99348e-05
-0.000514603
0.000311025
-0.000293254
0.000374035
-0.000275938
0.000600395
0.000650115
-0.000548895
-0.00019301
0.000307524
0.000474909
-0.00041844
3.1644e-05
0.00025245
0.000470876
-0.000434109
-4.61904e-05
-0.000144738
-4.53032e-05
9.1424e-05
6.82007e-06
-7.55086e-05
-3.18964e-05
5.08943e-05
0.000282394
-9.3145e-05
4.76572e-05
-0.000301844
9.14569e-05
-0.000120803
-0.000141375
-0.000137903
4.79946e-06
7.1127e-06
-1.93047e-05
-0.000150553
0.000156493
-0.000129805
-5.33274e-05
7.35215e-05
0.000267882
-0.000248898
-0.000242627
0.000315546
0.000276241
-0.000180322
0.000157665
-0.000400818
-0.000312088
0.00107891
0.00317023
-0.00315937
0.000576771
-0.00035092
-0.000579143
-0.000395446
-9.90673e-05
-0.000511028
-3.34116e-05
-0.00012619
-3.16703e-05
-0.00011092
5.3968e-05
-6.37058e-05
-3.26513e-05
4.75499e-05
0.000208326
0.000124498
0.000799695
-0.000789529
4.11673e-05
-3.10632e-05
0.000601413
-0.000367419
0.000156352
-0.000349211
3.93481e-06
-2.70075e-06
0.000102197
-0.000159816
-0.000128238
0.000210105
9.92556e-05
-3.76458e-05
0.000783416
-0.000957704
-0.000189641
-0.000158089
1.29428
-0.256045
-0.251182
-0.249363
-0.537689
-0.759504
0.606431
0.604986
0.604236
-1.05615
0.10269
-0.103542
0.124309
-0.290697
-0.29008
-0.28969
0.746157
