CLASSIFICATION
3
270
2
5
sigmoid
softmax
2.47695e-05
-2.48069e-05
1.70769e-05
-1.71974e-05
-0.00249276
0.00248964
1.14037e-06
-1.17583e-06
-9.19155e-06
9.2384e-06
0.00144947
-0.00145479
2.53816e-05
-2.53768e-05
0.000422769
-0.000424625
-4.99062e-06
4.98743e-06
2.18404e-06
-2.20927e-06
3.63527e-06
-3.65427e-06
0.00136981
-0.00137235
0.0020477
-0.0020639
0.00238201
-0.00238553
0.000416907
-0.000418194
0.0179519
-0.0180253
-0.0083848
0.00832391
0.000241549
-0.000241862
0.000196847
-0.000197492
5.5722e-05
-5.58112e-05
1.77718e-05
-1.78734e-05
9.32221e-05
-9.32785e-05
4.43092e-05
-4.43798e-05
2.54131e-05
-2.54884e-05
-7.38783e-07
7.08351e-07
3.94737e-05
-3.95215e-05
0.000164098
-0.000164148
0.000608467
-0.000609285
0.00325793
-0.00328241
0.0797994
-0.0803044
0.009855
-0.00989391
-0.000807145
0.000805402
-0.000930989
0.000914633
4.70841e-05
-4.70802e-05
-0.000219298
0.000219662
-9.50029e-05
9.4983e-05
0.000127638
-0.00012787
-6.08063e-05
6.09644e-05
0.000107096
-0.000107106
0.0004412
-0.000442241
-8.12717e-06
8.06726e-06
3.73026e-05
-3.74488e-05
-0.000491365
0.000491813
-0.00071702
0.000711084
0.000314539
-0.000315783
0.000250443
-0.000254799
1.9896e-05
-1.99441e-05
-2.1243e-05
2.1277e-05
8.43721e-05
-8.44078e-05
-6.09726e-05
6.10661e-05
1.94313e-05
-1.95315e-05
0.000107284
-0.000107264
-6.41774e-05
6.4113e-05
-0.000428269
0.00042801
0.000398709
-0.000400003
0.00235364
-0.0023595
-0.00273008
0.00273204
-0.0161784
0.0161799
-0.000335363
0.00033596
-0.00241146
0.00241291
0.000112822
-0.000112735
0.000465096
-0.000465397
0.00638464
-0.0063868
0.0528276
-0.05284
0.00344106
-0.00344308
0.00180164
-0.00180398
0.00039764
-0.000398498
0.000435184
-0.00043606
0.000392239
-0.000393379
0.0011991
-0.00120172
-0.00245787
0.00245829
-0.0118741
0.0118783
-0.000570734
0.000570922
0.000253389
-0.00025356
2.95137e-05
-2.94728e-05
0.000428769
-0.000428938
0.0109779
-0.0109804
0.0592473
-0.059262
0.0200031
-0.0200112
0.00471302
-0.00471404
0.00039604
-0.000396089
-0.000403805
0.000403992
0.000388314
-0.000389146
-0.000451498
0.000450984
-0.00333411
0.00333505
-0.00927614
0.00927486
0.000342527
-0.000343598
4.75827e-05
-4.74114e-05
-0.00139064
0.00138835
0.00535071
-0.00537847
0.00854648
-0.00854958
0.0418661
-0.0418775
0.0111416
-0.0111454
0.00597597
-0.00597864
0.00135867
-0.00136039
0.000473741
-0.000474505
0.000426665
-0.000427233
0.000253248
-0.000253771
0.000250144
-0.00025058
0.00184726
-0.00184982
0.000341745
-0.000342346
0.000666725
-0.000668157
0.000274974
-0.000275211
0.00128529
-0.00128552
0.00632489
-0.0063279
0.0238439
-0.0238563
0.013365
-0.0133804
0.00477856
-0.00478243
0.000902102
-0.000902617
-0.000285843
0.000286173
0.00126777
-0.00126992
-0.000588618
0.000590224
-0.0463784
0.046394
-0.108677
0.108686
-0.00927099
0.00926942
-0.000799803
0.000799773
-0.000378881
0.000378949
0.00221754
-0.00222036
0.00106695
-0.00107047
0.00654989
-0.00655206
0.00358986
-0.00359374
0.00559121
-0.00559848
0.000830702
-0.000831952
0.000654807
-0.000654896
0.000509944
-0.000510444
0.000922703
-0.000927991
0.00110554
-0.00111655
0.00545619
-0.00547105
9.99145e-05
-0.000102503
0.000173157
-0.000174007
0.00177505
-0.00177696
0.00269334
-0.00269521
0.00198555
-0.0019875
0.00227698
-0.00227845
0.000658817
-0.000659358
0.000593597
-0.000593796
0.00183126
-0.00183382
0.00143404
-0.00143721
-0.000133265
0.000132356
-0.000232383
0.000230441
-0.0233843
0.0233619
-0.022885
0.0227932
-0.00217325
0.00216447
-0.00104905
0.00105076
-7.04847e-05
7.05356e-05
0.000364966
-0.000365101
8.28036e-05
-8.2488e-05
-0.000376716
0.000376877
0.000641578
-0.000642962
0.00119055
-0.00119314
0.000282114
-0.000283484
0.00181143
-0.00181488
0.000139741
-0.000140387
0.00068198
-0.000683632
8.03076e-05
-8.11731e-05
0.000516855
-0.000517597
0.000400626
-0.000401691
-0.000147117
0.000147692
0.000294478
-0.00029509
-3.01185e-05
2.94318e-05
0.000958265
-0.000959958
0.000241689
-0.000241838
0.000304495
-0.000305443
-0.000342556
0.000342731
0.000524182
-0.000524719
0.000163028
-0.00016281
0.000427912
-0.000429781
0.000676671
-0.000678449
0.000281856
-0.000290747
0.00277962
-0.0027994
0.000596613
-0.00060032
-0.000301685
0.000301533
0.000104657
-0.000105018
0.000239183
-0.000239543
0.000391499
-0.000392271
0.000568892
-0.000570292
0.000231224
-0.000231702
0.000387448
-0.000388347
-0.00024149
0.000241488
0.000822351
-0.00082524
0.00232397
-0.0023309
-0.00347551
0.00344898
0.0127869
-0.0128146
-0.00110369
0.00110101
0.00283944
-0.00284742
-3.96357e-05
3.92133e-05
-0.0002839
0.000284103
0.000618554
-0.000619879
0.000322912
-0.000323721
0.000322128
-0.000323298
0.000705341
-0.000708227
0.000917256
-0.000918893
3.53937e-05
-3.59831e-05
-0.000102339
0.000102922
-0.00010235
0.000102065
-0.000175745
0.000176065
-0.000294101
0.00029419
-5.9656e-05
5.76328e-05
0.000124481
-0.000125419
0.000282001
-0.000282252
0.000496142
-0.00049774
0.000290398
-0.000291297
-0.00011278
0.000112904
3.28537e-05
-3.34181e-05
0.000366506
-0.000367302
0.00033011
-0.000331243
-8.25689e-05
8.28105e-05
7.59298e-05
-7.59437e-05
5.3327e-05
-5.36814e-05
0.000517265
-0.000518
-0.000450741
0.000450679
0.00013296
-0.000133377
0.00101606
-0.00101834
0.000155119
-0.000155514
-0.000198611
0.000197942
0.000200382
-0.000200695
-5.55344e-05
5.5098e-05
0.000115211
-0.000115294
0.000340149
-0.000340764
0.000221587
-0.000221722
0.000107211
-0.000108855
0.000589677
-0.000590787
-6.90346e-05
6.91901e-05
0.000265686
-0.000266394
0.000310544
-0.000313268
9.48347e-05
-9.80274e-05
-0.000309292
0.000309166
-0.000359348
0.000359545
-0.000561082
0.000561891
0.000554911
-0.000556842
-0.000290578
0.000290436
0.000421972
-0.000423377
-0.000226373
0.000226424
0.000433151
-0.000434496
0.000130426
-0.000130766
-8.54489e-05
8.54952e-05
7.37602e-05
-7.39713e-05
-4.65698e-05
4.66263e-05
0.000110785
-0.000111799
0.000291389
-0.000292692
0.000119184
-0.000119432
0.00011595
-0.000115978
-4.76151e-06
4.65461e-06
0.000136029
-0.000136062
0.000132039
-0.000132517
-6.90364e-05
6.90107e-05
0.000248506
-0.000249337
-0.000304266
0.000304403
0.000185399
-0.000186159
0.000385272
-0.000386735
-0.000975435
0.000976367
0.00313013
-0.00313845
0.000373704
-0.000376271
0.000352616
-0.000355865
0.000458617
-0.000458804
0.000112045
-0.000112251
9.99267e-05
-9.99599e-05
6.30415e-05
-6.32979e-05
-4.45272e-05
4.44767e-05
-8.85095e-05
8.78333e-05
0.000790381
-0.000792681
3.21387e-05
-3.22617e-05
0.000378865
-0.000380096
0.000330366
-0.000330692
4.70226e-06
-4.76128e-06
0.000154024
-0.000154345
-0.000196879
0.000197012
4.73402e-05
-4.8169e-05
0.000927479
-0.000929203
0.000128649
-0.000128305
0.772483
-0.49601
-0.493537
-0.492346
0.709409
-0.772528
0.496113
0.493635
0.492432
-0.709653
0.127921
-0.0675599
0.197693
-0.0822251
-0.0807024
-0.0799618
0.0451961
