CLASSIFICATION
3
270
2
5
sigmoid
softmax
2.69356e-05
-6.56942e-07
1.67369e-05
1.65099e-05
-0.00277078
-0.00198703
9.51317e-07
1.21844e-06
-1.1452e-05
3.48224e-06
0.00140866
0.00239061
2.88005e-05
-7.886e-06
0.000412073
0.000683277
-5.56745e-06
-1.63196e-06
2.1072e-06
1.89943e-06
3.37777e-06
5.45071e-06
0.00140635
0.000798664
0.00212339
0.000493598
0.00245708
0.00142388
0.000426489
0.00031863
0.0185263
0.0123385
-0.00904049
-0.0063951
0.000262044
3.17301e-05
0.000193919
0.000161496
5.98275e-05
1.15378e-05
1.71812e-05
1.65059e-05
0.000102175
2.82256e-06
4.79309e-05
2.55436e-06
2.68609e-05
1.56323e-06
-1.18294e-06
-1.67191e-06
4.40372e-05
-1.04254e-05
0.000181074
-6.9e-07
0.000642897
0.000354453
0.00310837
0.00530479
0.0790846
0.0947637
0.00962284
0.0133307
-0.000797098
-0.0015453
-0.000410793
-0.0106189
5.84297e-05
-9.65095e-05
-0.000221191
-0.000299102
-0.000101496
-5.85592e-05
0.00013575
3.28948e-05
-6.51031e-05
-2.07389e-05
0.000120855
-7.2911e-05
0.000455211
0.000332577
-1.02996e-05
-4.1266e-06
3.86558e-05
-7.65819e-05
-0.0005136
-0.000327125
-0.000830932
0.000281149
0.000319214
0.000310831
0.000228518
0.000350191
2.10112e-05
-1.91257e-05
-2.4377e-05
-2.43231e-05
9.27246e-05
2.02442e-06
-6.76624e-05
-2.96022e-05
1.8728e-05
-1.12192e-05
0.000118524
-9.54e-05
-7.26215e-05
1.43794e-05
-0.000456758
-0.000328274
0.000392656
0.000517967
0.00238174
0.00235026
-0.00280831
-0.00246576
-0.016437
-0.0175302
-0.000299833
-0.000897997
-0.00249122
-0.00221552
0.000127546
-5.21736e-05
0.000515545
-0.000168367
0.00705565
-0.00256465
0.0584174
-0.0191656
0.00376651
-0.000807283
0.0019241
0.000555871
0.000420472
0.000178317
0.000464766
6.74705e-05
0.000402122
0.000326793
0.00125624
0.000760208
-0.00248294
-0.00277656
-0.011525
-0.0198784
-0.000533143
-0.00120525
0.000277379
9.33428e-06
3.25109e-05
-9.94224e-06
0.000472923
-0.000119672
0.0121397
-0.0044568
0.0655017
-0.0229964
0.0220401
-0.00676486
0.00521576
-0.00177549
0.000439925
-0.000191627
-0.00040821
-0.000535617
0.00041137
0.000145898
-0.000479293
-0.000296484
-0.00349766
-0.00209666
-0.00952026
-0.00867812
0.000390098
-0.000171187
6.50066e-05
-0.0001824
-0.0014761
-0.00163682
0.00550421
0.00196839
0.00945337
-0.0037571
0.0462642
-0.0164029
0.0122696
-0.00333678
0.00657301
-0.00166996
0.00144951
0.000197661
0.000506758
9.11015e-05
0.000462005
4.6342e-05
0.000301003
-0.000548638
0.000280647
-0.000157331
0.00202304
-0.000111488
0.000371172
3.89588e-05
0.000699207
0.000374
0.000299953
-3.43004e-05
0.00144637
-0.000688383
0.0069289
-0.00115523
0.0262834
-0.00735228
0.0146809
-0.00363018
0.00524159
-0.0011702
0.00100707
-0.000545385
-0.000275881
-0.000688205
0.00135654
0.000225054
-0.000592747
-0.000805607
-0.0481856
-0.0329575
-0.111039
-0.102076
-0.00947919
-0.00862325
-0.000803722
-0.000994753
-0.000380266
-0.00068526
0.00237104
0.000594898
0.0011881
-0.00129155
0.00728481
-0.00288978
0.00397536
-0.00157206
0.00611456
-0.00110963
0.000953167
-0.00098662
0.000733573
-0.000390285
0.000551413
-1.7105e-05
0.000991876
-0.00045955
0.00121869
-0.0016336
0.0057541
0.00190606
0.000106728
-0.000155899
0.000211332
-0.00033476
0.001907
0.000376034
0.0029474
-0.000201259
0.00215063
0.000161276
0.00251187
-0.000813775
0.000756839
-0.000720895
0.00069461
-0.000873178
0.00197018
0.000432328
0.00150892
0.00066181
-0.000143666
-8.20303e-05
-0.000206856
-0.000664285
-0.0243389
-0.0149463
-0.0213712
-0.0460626
-0.00196431
-0.00505646
-0.00103817
-0.00141929
-7.07626e-05
-0.000161183
0.000411212
-0.000268487
0.00010311
-0.000168291
-0.000390442
-0.000401371
0.000664334
0.000510833
0.00125135
0.000606477
0.000288458
0.000141733
0.00190025
0.000894721
0.000134854
8.38473e-05
0.000709512
0.000377271
5.8658e-05
0.000319481
0.000575533
-0.000163686
0.000407556
0.000359565
-0.000132179
-0.000355226
0.000305822
0.000222583
-3.6722e-05
-5.76847e-05
0.00100252
0.000596068
0.000263551
-1.84039e-06
0.000320788
0.000143943
-0.000351468
-0.000383966
0.000563761
0.000126959
0.000179899
-7.95126e-05
0.000411972
0.000721564
0.000687793
0.000678925
0.000245271
0.000973813
0.00317171
-0.00218923
0.00061832
0.000399488
-0.000311844
-0.000272491
0.000111406
1.8342e-05
0.000254069
9.02211e-05
0.000419772
0.000132574
0.000589375
0.000357112
0.000251428
2.14846e-05
0.000401087
0.000312304
-0.000262746
-0.000114234
0.00079925
0.000727837
0.00231417
0.00223381
-0.00445035
0.00506546
0.0133679
0.00323722
-0.00108361
-0.0028633
0.00288766
0.00247553
-3.90199e-05
-9.77824e-05
-0.000300953
-0.000152814
0.000650261
0.000326684
0.000335789
0.000208881
0.000327012
0.000218826
0.000755948
0.000141972
0.000969659
0.000488407
2.6546e-05
0.000124286
-8.64626e-05
-0.000356343
-0.000132691
0.000153249
-0.000195878
-0.000107128
-0.000322804
-0.000141859
-0.0001036
0.000340642
0.000104152
0.000357407
0.000310732
-4.93765e-05
0.000493716
0.000580053
0.000281026
0.000472996
-0.000109622
-0.000201409
1.54779e-05
0.000210987
0.000374267
0.000311658
0.00032765
0.000390929
-8.37853e-05
-9.52142e-05
8.71435e-05
-5.97171e-05
4.88835e-05
9.42302e-05
0.000554511
0.000131496
-0.000485283
-0.000147978
0.000147155
-9.40155e-05
0.00104454
0.000801024
0.000152896
0.000150037
-0.000218865
-4.46037e-05
0.00020888
0.000116562
-6.81668e-05
5.02593e-05
0.000128506
-1.4483e-05
0.000356966
0.000220542
0.000236463
4.16691e-05
8.75728e-05
0.000298093
0.000618027
0.00035272
-6.48032e-05
-0.000152822
0.000273422
0.000190897
0.000275829
0.00078987
8.60636e-05
-0.000300609
-0.000310961
-0.000514516
-0.000374521
-0.000293249
-0.000602183
-0.000275996
0.000552993
0.000650323
-0.000307256
-0.000192978
0.000421419
0.000475147
-0.000252603
3.1635e-05
0.00043698
0.000471083
0.000145376
-4.61826e-05
-9.15278e-05
-4.5292e-05
7.58633e-05
6.90019e-06
-5.09731e-05
-3.19169e-05
9.52774e-05
0.000282586
0.000304412
4.79121e-05
0.000121303
9.1494e-05
0.000137882
-0.000141336
-6.88823e-06
4.82024e-06
0.000150574
-1.92955e-05
0.000130823
0.000156549
-7.34637e-05
-5.33302e-05
0.00025067
0.000267988
-0.000315929
-0.000242624
0.000181857
0.0002764
0.000403752
0.000157933
-0.00108139
-0.000312017
0.00317703
0.00317162
0.000356288
0.000577115
0.000401451
-0.000578385
0.000511257
-9.90921e-05
0.000126561
-3.3373e-05
0.00011092
-3.16708e-05
6.42396e-05
5.40104e-05
-4.74488e-05
-3.26484e-05
-0.000123208
0.000208512
0.000794353
0.000800168
3.13171e-05
4.11863e-05
0.000370063
0.000601596
0.000349827
0.000156384
2.83262e-06
3.92967e-06
0.000160484
0.000102243
-0.000210455
-0.000128206
3.93999e-05
9.93763e-05
0.000961351
0.000783671
0.00015725
-0.000189698
0.760918
-0.606495
-0.605041
-0.604278
1.0549
1.29461
-0.256479
-0.251615
-0.249793
-0.536726
-0.0129195
0.0923703
-0.637742
0.317289
0.316462
0.316099
-0.312107
