CLASSIFICATION
3
270
3
5
sigmoid
softmax
-2.87292e-07
-1.46414e-06
2.54937e-05
1.59497e-05
-6.9096e-05
1.70601e-05
-0.00191535
-0.00471261
-0.00262558
1.20532e-06
-1.84426e-05
1.19306e-06
3.67758e-06
-6.70193e-05
-9.9225e-06
0.00235157
-0.00145534
0.00147679
-7.48405e-06
2.63614e-05
2.64441e-05
0.000671766
-0.000413744
0.000433428
-1.58037e-06
-3.54611e-05
-5.29666e-06
1.87119e-06
-1.82931e-05
2.19549e-06
5.25894e-06
-3.01694e-05
3.55989e-06
0.000817606
-3.26534e-05
0.00139568
0.00044921
-0.00103571
0.00208287
0.0014546
-0.000575653
0.00243585
0.000315468
-0.000300814
0.000423728
0.0121637
-0.00642523
0.018372
-0.0066464
-0.0109414
-0.00863024
3.31036e-05
5.56894e-05
0.000248319
0.000161478
-0.00019443
0.000197042
1.158e-05
-4.67767e-06
5.71952e-05
1.6816e-05
-6.65783e-05
1.76604e-05
3.79197e-06
5.12296e-05
9.61474e-05
3.57701e-06
-1.11131e-07
4.55484e-05
2.86081e-06
-3.35685e-05
2.59483e-05
-8.81054e-07
-4.13891e-05
-8.65631e-07
-1.01626e-05
-1.22802e-05
4.07366e-05
6.69427e-07
0.000145274
0.000169666
0.000356638
0.00018916
0.000627664
0.00519077
-0.00481693
0.00330855
0.0930633
-0.0589756
0.0815691
0.0132766
-0.00915393
0.0100267
-0.00152399
0.000137348
-0.000818287
-0.0104887
0.00568396
-0.000890076
-9.51582e-05
9.03764e-05
4.91542e-05
-0.000302103
-5.10782e-05
-0.000229167
-5.77436e-05
-0.000101724
-9.78506e-05
3.30953e-05
-3.50056e-05
0.000130371
-2.13883e-05
-7.96919e-05
-6.32038e-05
-7.07796e-05
8.71968e-05
0.000109523
0.000329412
2.95724e-05
0.000449574
-2.7994e-06
-0.000125554
-8.91198e-06
-7.28018e-05
-0.000279983
3.48134e-05
-0.000334387
-0.000164166
-0.000505971
0.000250169
-0.00137088
-0.000743477
0.000310103
-0.000176139
0.000323471
0.000338693
-0.000588391
0.000254051
-1.59326e-05
-4.51097e-05
2.02706e-05
-2.00177e-05
-0.000124417
-2.23758e-05
2.33026e-06
2.16357e-05
8.69689e-05
-2.91481e-05
-0.000184596
-6.44717e-05
-8.77685e-06
-8.10258e-05
1.92995e-05
-8.69522e-05
1.88729e-05
0.000109821
1.16079e-05
-0.000114482
-6.81195e-05
-0.000322301
-0.000390809
-0.000441238
0.000518874
-0.000283128
0.000407553
0.00234518
-0.000527936
0.00240374
-0.0024953
2.18223e-05
-0.00280583
-0.0176424
0.00351142
-0.0165411
-0.000893378
0.000507669
-0.000338557
-0.00221733
0.000216228
-0.00247248
-4.81855e-05
0.000130648
0.000116889
-0.000159305
0.000415352
0.000477966
-0.00226202
0.00771011
0.00659851
-0.0168926
0.0645698
0.0546173
-0.000666255
0.00344228
0.00355128
0.000582809
0.000911847
0.00185655
0.000177317
1.74872e-06
0.000408204
7.48222e-05
0.000109341
0.000445985
0.00032983
-1.14015e-05
0.000403196
0.000766226
9.23055e-05
0.00123617
-0.00279218
0.000285629
-0.00250939
-0.0198677
0.0090442
-0.0120704
-0.00120174
0.000581328
-0.000575288
1.25348e-05
0.000129958
0.000261687
-7.83263e-06
-3.40122e-05
3.0506e-05
-0.000102088
0.000442968
0.000443376
-0.00392506
0.013554
0.0113494
-0.0202843
0.0726133
0.0612511
-0.00586371
0.0232745
0.0206748
-0.00156432
0.00574006
0.00487325
-0.00017203
0.000436872
0.000408778
-0.000537473
0.000125129
-0.000416464
0.000148509
8.98495e-05
0.000398897
-0.000298067
-0.000173721
-0.000464602
-0.00213564
-0.00138408
-0.00342549
-0.00876444
-0.00211919
-0.0094875
-0.000165836
0.000220072
0.000360783
-0.000182237
9.132e-05
4.80119e-05
-0.00166155
-0.00198995
-0.00147308
0.00194418
-0.00274838
0.00542135
-0.00333527
0.0102166
0.00882929
-0.0144166
0.051146
0.0432814
-0.0028656
0.012867
0.0115141
-0.00141827
0.0067563
0.006175
0.00024873
0.000784888
0.0013998
9.97582e-05
0.000158008
0.000487843
5.21222e-05
0.000230558
0.000438593
-0.000524909
0.000677633
0.000261598
-0.000149984
0.000156831
0.000257956
-7.78028e-05
0.00163675
0.00190889
3.89809e-05
0.000210774
0.000351497
0.000372304
0.000123321
0.000684099
-2.5981e-05
0.00021945
0.000283127
-0.00064087
0.0019623
0.00133199
-0.000917058
0.00666892
0.00653499
-0.00641279
0.0275194
0.0246358
-0.00315324
0.0137747
0.013808
-0.000972695
0.00515249
0.00493849
-0.000504869
0.00109101
0.000928335
-0.000675581
0.000293474
-0.000295044
0.000257623
0.000794608
0.00130715
-0.000791312
-0.000307527
-0.000604693
-0.0334539
-0.0156188
-0.0474279
-0.102919
-0.0220515
-0.110684
-0.00870351
-0.0022359
-0.00943596
-0.00099832
-2.11127e-05
-0.000815108
-0.000669115
7.85934e-05
-0.000388312
0.000626503
0.00113897
0.00228323
-0.00118782
0.00167145
0.00110283
-0.00261732
0.00864673
0.00677261
-0.00143268
0.00420894
0.00370596
-0.000937402
0.00489363
0.0057663
-0.000937391
0.00137206
0.00085877
-0.00036262
0.000693198
0.000675203
-2.68617e-06
0.000258116
0.000523078
-0.00045057
-0.000339374
0.000934603
-0.00159091
-0.000159979
0.00112139
0.00196663
0.00073602
0.00559841
-0.00015173
-0.00013572
0.000103812
-0.000327001
0.000494631
0.000183877
0.000408129
0.00109729
0.00183046
-0.000132265
0.00244734
0.00278307
0.000201536
0.00139885
0.00204739
-0.000720953
0.00241423
0.00234951
-0.000692493
0.00107031
0.000679596
-0.000837964
0.00109205
0.000612996
0.000453457
0.00130501
0.00189137
0.000678373
0.000583789
0.00147618
-8.6007e-05
-0.00032377
-0.000135516
-0.00066131
-8.46758e-05
-0.000225258
-0.0153234
-0.0116802
-0.0237518
-0.0461558
0.00552426
-0.0224737
-0.00506702
0.000991523
-0.00211852
-0.00141563
0.000304565
-0.00106675
-0.000156625
-9.75638e-05
-7.3646e-05
-0.000251544
0.000434684
0.000377937
-0.00016502
0.000237842
8.55139e-05
-0.000393174
7.43268e-05
-0.000387346
0.000512601
6.6363e-05
0.000659784
0.000615329
0.000243489
0.00122407
0.000145624
-0.000204952
0.000288927
0.000915732
0.000374706
0.00186203
8.8391e-05
-0.000241454
0.000139869
0.000371473
-0.000104152
0.000693209
0.000316963
-0.000585053
7.9599e-05
-0.000157037
0.000212047
0.000533422
0.000364496
-0.000134514
0.000411229
-0.000358188
0.000193283
-0.000149966
0.000224425
-6.0243e-05
0.000303205
-5.46614e-05
-0.000362454
-3.29169e-05
0.000599162
7.97322e-05
0.000984907
2.70235e-07
0.000132741
0.000248318
0.000144246
0.000104838
0.000313389
-0.000379386
-1.64767e-05
-0.000350077
0.000130785
0.000219726
0.000539792
-7.22939e-05
2.74083e-05
0.000166639
0.000716428
-0.00036065
0.000435947
0.000678822
-0.000213981
0.000695157
0.000933123
-0.00166995
0.000317513
-0.0021094
0.000345575
0.00297288
0.000402238
-0.000385943
0.000622411
-0.000279745
5.35514e-05
-0.000311483
1.86388e-05
1.60784e-05
0.000107656
9.44395e-05
3.97188e-05
0.000246516
0.000134224
0.000195721
0.000404964
0.000364098
-1.5769e-05
0.000583711
2.57469e-05
0.000200385
0.000240496
0.000312606
2.05226e-05
0.000399819
-0.000115853
-0.000393127
-0.000253718
0.000731394
-0.000927904
0.000821207
0.00222028
-0.00178967
0.00234617
0.00498623
-0.0122578
-0.00366456
0.00352527
0.00205014
0.0130905
-0.0028153
0.0010569
-0.00113794
0.00250808
-0.00071741
0.00291714
-0.000101697
-2.06655e-05
-4.2033e-05
-0.000155703
-0.000231649
-0.000291545
0.000329308
2.55299e-05
0.000636528
0.000214797
-7.71129e-05
0.00033327
0.00022464
-0.000363893
0.000328835
0.000143994
0.000259466
0.000729598
0.000490322
0.000176751
0.000944875
0.000124005
-0.000189176
3.6158e-05
-0.000357644
7.28199e-05
-0.000106447
0.00015212
-0.000444527
-0.000111702
-0.000101472
-0.000329716
-0.00018762
-0.000144845
-0.000326499
-0.000309782
0.000337411
-0.000872648
-6.4421e-05
0.000356019
-0.00047981
0.000126052
-4.52826e-05
0.000162875
0.000290864
0.000577096
-0.000554688
0.000506277
0.000467296
-0.000412128
0.000295496
-0.000202218
-1.61492e-05
-0.000116271
0.000211542
-0.000306291
3.08171e-05
0.000316099
-0.000116177
0.000376255
0.000392422
-0.000147061
0.000336775
-9.49709e-05
-8.69201e-05
-8.56938e-05
-5.99072e-05
6.54495e-05
7.76687e-05
9.61974e-05
-0.00021922
5.50839e-05
0.000135486
0.000294798
0.000531679
-0.000157751
-0.000301276
-0.000467147
-9.21301e-05
1.93409e-05
0.000133856
0.00079816
-0.000255653
0.00103779
0.000150504
-0.000126125
0.000155717
-4.43318e-05
-0.000147457
-0.000203888
0.000118418
-7.16055e-05
0.000205509
4.53726e-05
-0.000181767
-6.00939e-05
-1.66971e-05
-1.9595e-05
0.000118809
0.000222938
3.99503e-05
0.000350925
4.66273e-05
-9.52335e-05
0.00022713
0.000294744
-0.000554765
0.000108048
0.000357136
0.00011224
0.000606897
-0.000157317
-1.46967e-05
-7.34531e-05
0.000193948
-0.000242899
0.000273429
0.000773714
-0.000745631
0.000314498
-0.000282221
-0.00086878
9.02177e-05
-0.000509584
-0.000109675
-0.00031861
-0.000294986
-9.37477e-05
-0.000369797
-0.000282103
-0.00042348
-0.000585338
0.000651135
-0.000343502
0.000567504
-0.00019305
-0.000123994
-0.000298634
0.000473439
-0.000500254
0.000431481
2.19246e-05
-0.000437706
-0.000238335
0.000470985
-0.000188841
0.000445026
-4.40215e-05
0.000102554
0.00013509
-4.63548e-05
-0.000166582
-8.86817e-05
5.25623e-06
-0.000139031
7.2489e-05
-2.74571e-05
-9.01133e-05
-4.73583e-05
0.000280666
-0.000329392
0.000111284
5.3645e-05
-0.000104945
0.000298041
9.31073e-05
-0.000137542
0.000121387
-0.000137929
0.00024423
0.000122184
4.84004e-06
-0.000128558
-5.1753e-06
-1.77616e-05
0.00012287
0.000140419
0.000158341
-8.42435e-05
0.000135166
-5.13212e-05
-0.000118053
-7.0829e-05
0.000268092
-0.000119897
0.000255435
-0.000247531
2.17547e-05
-0.000313715
0.000267749
-0.000240758
0.000187696
0.000160961
6.79056e-05
0.000396486
-0.000340516
-0.00157836
-0.00104212
0.0031702
-0.000867529
0.0032122
0.000575998
-0.000641676
0.000381776
-0.000571046
0.000286288
0.000360866
-9.4918e-05
0.000215677
0.0004744
-3.41771e-05
0.000138098
0.000116739
-3.07638e-05
9.04049e-05
0.000102146
5.38563e-05
-7.93431e-05
6.47363e-05
-3.20118e-05
-6.6986e-05
-4.58938e-05
0.000193772
-0.000623075
-0.000103017
0.000798654
-0.000484068
0.000806424
4.02382e-05
-4.49188e-05
3.23227e-05
0.000596084
-0.000312161
0.00038716
0.000156837
4.87244e-05
0.000338737
6.18549e-06
-0.000103449
4.40979e-06
0.000103463
-3.03057e-05
0.00015856
-0.000130916
-0.000128778
-0.00020592
0.000104412
-0.000181689
4.95701e-05
0.000781933
7.19579e-05
0.000955528
-0.000186731
0.000302161
0.000134311
1.19127
-0.28002
-0.276721
-0.275468
-0.359057
-0.362834
-0.254369
-0.25761
-0.258201
1.13301
0.827004
-0.536264
-0.533553
-0.5323
0.775113
0.100751
-0.0766862
0.0121576
-0.530681
0.376611
0.376014
0.375675
-0.59762
