CLASSIFICATION
3
270
3
5
sigmoid
softmax
-2.72507e-07
-1.38315e-06
-2.54351e-05
1.59905e-05
-6.88751e-05
-1.68641e-05
-0.00190959
-0.00470202
0.00263051
1.22494e-06
-1.84306e-05
-1.13516e-06
3.7525e-06
-6.69173e-05
9.83988e-06
0.0023547
-0.00145175
-0.0014679
-7.50931e-06
2.63607e-05
-2.64567e-05
0.000673044
-0.000412907
-0.00043032
-1.59294e-06
-3.53561e-05
5.29973e-06
1.87629e-06
-1.82384e-05
-2.15447e-06
5.26812e-06
-3.00764e-05
-3.52985e-06
0.000820397
-3.15357e-05
-0.00139154
0.000458445
-0.00101933
-0.00205611
0.00145862
-0.0005715
-0.00243023
0.00031597
-0.000299207
-0.000421629
0.0121983
-0.00636267
-0.0182509
-0.00661049
-0.0108804
0.00873265
3.30143e-05
5.615e-05
-0.000247832
0.000162103
-0.000194049
-0.000195994
1.16203e-05
-4.54169e-06
-5.70543e-05
1.68251e-05
-6.6359e-05
-1.7496e-05
3.77181e-06
5.13377e-05
-9.60658e-05
3.55995e-06
9.27428e-10
-4.54373e-05
2.83803e-06
-3.3408e-05
-2.58282e-05
-9.07401e-07
-4.12811e-05
9.14279e-07
-1.01855e-05
-1.20984e-05
-4.06676e-05
6.36895e-07
0.00014532
-0.000169602
0.000357019
0.000189403
-0.000626328
0.00520386
-0.00479714
-0.00326762
0.0933305
-0.0586457
-0.0807254
0.0132976
-0.00913979
-0.00996182
-0.00152258
0.000138435
0.000821193
-0.0104775
0.00569662
0.000916899
-9.5168e-05
9.06052e-05
-4.91804e-05
-0.00030246
-5.04021e-05
0.000228532
-5.77396e-05
-0.000101502
9.78885e-05
3.31806e-05
-3.46377e-05
-0.000130002
-2.14976e-05
-7.94875e-05
6.29384e-05
-7.07831e-05
8.74878e-05
-0.000109531
0.000329823
3.01077e-05
-0.000447873
-2.81797e-06
-0.000125204
9.00514e-06
-7.27347e-05
-0.000278822
-3.4613e-05
-0.000334579
-0.000163536
0.00050523
0.000253449
-0.00136611
0.00075352
0.00031071
-0.000175243
-0.000321401
0.000341272
-0.000585361
-0.000246758
-1.59167e-05
-4.49287e-05
-2.01958e-05
-2.00666e-05
-0.000124107
2.2314e-05
2.31322e-06
2.18331e-05
-8.69252e-05
-2.9112e-05
-0.000184099
6.43064e-05
-8.61155e-06
-8.07548e-05
-1.91389e-05
-8.68112e-05
1.91805e-05
-0.000109884
1.15967e-05
-0.000114114
6.82233e-05
-0.00032204
-0.00039013
0.000441685
0.000519767
-0.000282449
-0.000405385
0.0023488
-0.000525208
-0.00239401
-0.0024965
2.42006e-05
0.00280256
-0.0176442
0.00352331
0.0165389
-0.000894018
0.000507683
0.000337493
-0.00221742
0.000216078
0.00247015
-4.83207e-05
0.000130663
-0.000117059
-0.000159115
0.000415777
-0.000477553
-0.00225797
0.00770678
-0.0065956
-0.0168626
0.0645345
-0.0546023
-0.000664003
0.00344152
-0.00354825
0.000583991
0.000912366
-0.00185278
0.000177668
2.43644e-06
-0.000406813
7.51691e-05
0.000109957
-0.000444577
0.000330446
-1.11245e-05
-0.000401304
0.000767381
9.33328e-05
-0.00123184
-0.00279298
0.00028808
0.00250866
-0.0198736
0.00905388
0.0120629
-0.00120217
0.000582022
0.000574924
1.24432e-05
0.00013013
-0.000261434
-7.88613e-06
-3.38326e-05
-3.05815e-05
-0.000102029
0.000442819
-0.000443142
-0.00391867
0.0135465
-0.0113463
-0.020246
0.0725735
-0.0612328
-0.00585051
0.0232628
-0.0206633
-0.00156218
0.00573725
-0.00487208
-0.000171997
0.000436923
-0.000408752
-0.000537563
0.000125454
0.000416144
0.000148902
9.0374e-05
-0.00039754
-0.000297713
-0.000173262
0.00046549
-0.00213649
-0.00138096
0.00342402
-0.00876534
-0.00210662
0.0094897
-0.000165412
0.000221123
-0.00035905
-0.000182492
9.19821e-05
-4.83438e-05
-0.00166042
-0.00197932
0.00147671
0.00196093
-0.00272091
-0.00537562
-0.00332999
0.0102133
-0.00882511
-0.0143906
0.0511186
-0.0432669
-0.0028593
0.0128602
-0.0115089
-0.00141514
0.00675308
-0.00617115
0.00024974
0.000784932
-0.00139702
0.00010026
0.000158668
-0.000486621
5.20212e-05
0.000231076
-0.000437697
-0.000524411
0.000677652
-0.000260782
-0.000149887
0.000157538
-0.000257281
-7.68901e-05
0.00163775
-0.00190482
3.91219e-05
0.000211376
-0.000350536
0.000373224
0.000124021
-0.000681754
-2.59107e-05
0.000219558
-0.000282764
-0.000640498
0.00196148
-0.00133177
-0.000913912
0.00666565
-0.00653058
-0.00639812
0.027509
-0.0246175
-0.00314123
0.0137763
-0.0137837
-0.000969874
0.00515088
-0.00493249
-0.000504643
0.00109136
-0.000927615
-0.000675511
0.000293685
0.000294463
0.000258597
0.00079423
-0.00130365
-0.00079229
-0.00030624
0.000601926
-0.0334635
-0.015588
0.0474032
-0.102932
-0.021957
0.110671
-0.00870348
-0.00222606
0.00943875
-0.000998244
-1.98142e-05
0.000815127
-0.00066861
7.95912e-05
0.000388183
0.000628239
0.00114035
-0.0022787
-0.00118446
0.0016721
-0.00109705
-0.00261406
0.00864342
-0.00676977
-0.00142964
0.00420975
-0.00369993
-0.000932809
0.00489611
-0.00575479
-0.000936581
0.00137287
-0.000856835
-0.000362469
0.000693945
-0.000675177
-2.64039e-06
0.000258664
-0.000522318
-0.000447454
-0.000332247
-0.000926025
-0.00158436
-0.000148271
-0.00110338
0.00197409
0.000747406
-0.00557415
-0.000150627
-0.000133752
-9.95094e-05
-0.000326575
0.000494897
-0.000182479
0.00040924
0.00109763
-0.00182742
-0.000131138
0.00244728
-0.00278023
0.000202343
0.00139956
-0.00204433
-0.000719763
0.00241432
-0.00234734
-0.000691908
0.00107122
-0.000678834
-0.000837741
0.00109301
-0.000612821
0.000455134
0.00130517
-0.00188722
0.000680196
0.000583974
-0.00147093
-8.53424e-05
-0.000322419
0.000137028
-0.00066055
-8.25376e-05
0.000228464
-0.0153099
-0.0116507
0.0237901
-0.0461081
0.00559882
0.0226259
-0.00506269
0.00100071
0.00213299
-0.00141656
0.00030537
0.00106386
-0.000156632
-9.6974e-05
7.35428e-05
-0.000251124
0.00043499
-0.000377776
-0.000165235
0.000237865
-8.60762e-05
-0.000393231
7.44219e-05
0.000387092
0.000513288
6.66397e-05
-0.00065749
0.000616595
0.000244493
-0.00121982
0.000146754
-0.000203222
-0.000286662
0.000918033
0.000375603
-0.00185638
8.90958e-05
-0.000241006
-0.000138813
0.000372246
-0.00010263
-0.000690525
0.000317434
-0.000584095
-7.81663e-05
-0.000156987
0.000213462
-0.000532291
0.000365098
-0.000133987
-0.000409463
-0.000358502
0.00019354
0.000148972
0.000224678
-5.97766e-05
-0.000302203
-5.43692e-05
-0.000361201
3.40306e-05
0.00060007
8.05454e-05
-0.000982138
3.8567e-07
0.00013312
-0.000248107
0.000144676
0.000105362
-0.000311819
-0.000379314
-1.61946e-05
0.000349793
0.000131108
0.000219969
-0.000538955
-7.22794e-05
2.7945e-05
-0.000167047
0.000717179
-0.000359976
-0.000432803
0.000679979
-0.00021315
-0.000692201
0.000938459
-0.00166438
-0.000302596
-0.00209762
0.000359812
-0.00294025
0.000404163
-0.000383788
-0.000616233
-0.00027966
5.38893e-05
0.000311738
1.88934e-05
1.62841e-05
-0.000107062
9.45586e-05
4.00306e-05
-0.000245936
0.000134667
0.000196229
-0.0004037
0.00036492
-1.47776e-05
-0.000581403
2.60415e-05
0.000200478
-0.000239708
0.000313272
2.0767e-05
-0.000398332
-0.000116058
-0.000392011
0.000253706
0.000734096
-0.000926361
-0.000816483
0.00222522
-0.0017847
-0.00233477
0.00501406
-0.0122341
0.00370929
0.00355898
0.00207163
-0.0130462
-0.00281067
0.00106035
0.00114222
0.0025134
-0.000715461
-0.00290384
-0.000101512
-2.04672e-05
4.27178e-05
-0.000155592
-0.000231187
0.000291214
0.000330028
2.62552e-05
-0.000634358
0.000215125
-7.66229e-05
-0.000331938
0.000225336
-0.000362368
-0.00032692
0.000145438
0.00026129
-0.000724837
0.000490897
0.000177419
-0.000942205
0.000124529
-0.00018863
-3.51779e-05
-0.00035801
7.3405e-05
0.000105393
0.000152513
-0.000443687
0.000112173
-0.000101554
-0.00032885
0.000187066
-0.000144601
-0.000326023
0.000309609
0.000338658
-0.000870832
6.78284e-05
0.000356845
-0.000478803
-0.000124482
-4.51889e-05
0.000163145
-0.00029049
0.000577985
-0.000553467
-0.000503632
0.000467872
-0.000411463
-0.000294004
-0.000202343
-1.5536e-05
0.000116044
0.000211834
-0.000305659
-2.98677e-05
0.000316624
-0.000115715
-0.000374934
0.000392982
-0.000146786
-0.000334879
-9.51879e-05
-8.64757e-05
8.5274e-05
-5.99644e-05
6.57655e-05
-7.76704e-05
9.6447e-05
-0.000218857
-5.44981e-05
0.000135811
0.000294939
-0.000530505
-0.000157732
-0.000300669
0.000467267
-9.21806e-05
2.0184e-05
-0.000133211
0.000799435
-0.00025382
-0.00103405
0.000150855
-0.000125575
-0.000155079
-4.39056e-05
-0.000147247
0.000205041
0.000118611
-7.1133e-05
-0.000205003
4.5572e-05
-0.000181419
6.08248e-05
-1.67319e-05
-1.92161e-05
-0.0001187
0.000223143
4.00339e-05
-0.000349917
4.66489e-05
-9.44103e-05
-0.000226949
0.000295507
-0.000553199
-0.000105293
0.000357709
0.00011259
-0.000605072
-0.000157537
-1.40628e-05
7.31635e-05
0.000194391
-0.000241997
-0.000272269
0.000775264
-0.000743822
-0.000309925
-0.000280443
-0.000864212
-8.49809e-05
-0.000509492
-0.000108566
0.000318796
-0.000295062
-9.33373e-05
0.000369479
-0.000282427
-0.000422582
0.000583977
0.000651971
-0.000343049
-0.00056428
-0.000192997
-0.000123766
0.000298893
0.00047424
-0.000498808
-0.00042915
2.18516e-05
-0.000436758
0.000238247
0.000471733
-0.000188567
-0.000442781
-4.39819e-05
0.000102802
-0.000134539
-4.63504e-05
-0.000166138
8.85962e-05
5.43735e-06
-0.000138311
-7.21663e-05
-2.74844e-05
-9.01361e-05
4.72638e-05
0.000281295
-0.000328657
-0.00010958
5.43899e-05
-0.000103879
-0.000295897
9.32478e-05
-0.000136918
-0.000120988
-0.000137837
0.000244225
-0.00012216
4.89419e-06
-0.000128157
5.34796e-06
-1.77368e-05
0.000122955
-0.000140384
0.000158572
-8.40828e-05
-0.000134367
-5.13236e-05
-0.000117704
7.08733e-05
0.00026849
-0.000119694
-0.000254048
-0.000247623
2.18371e-05
0.000313498
0.000268238
-0.000239828
-0.000186446
0.000161774
6.83362e-05
-0.000394058
-0.000340859
-0.00157452
0.00104046
0.00317518
-0.00086535
-0.00319833
0.000577214
-0.000639682
-0.000377479
-0.000569106
0.00028902
-0.000355533
-9.50018e-05
0.00021647
-0.000474178
-3.40747e-05
0.000138165
-0.000116411
-3.07809e-05
9.0549e-05
-0.00010211
5.39911e-05
-7.90213e-05
-6.43134e-05
-3.20045e-05
-6.68233e-05
4.59775e-05
0.00019421
-0.000621693
0.000104121
0.000800173
-0.00048273
-0.000802607
4.02954e-05
-4.48724e-05
-3.21217e-05
0.000596792
-0.000311367
-0.000385093
0.000156981
4.91037e-05
-0.000338228
6.19099e-06
-0.000103175
-4.31491e-06
0.000103637
-3.00509e-05
-0.000158035
-0.000130914
-0.000128357
0.000205698
0.000104843
-0.000181128
-4.81651e-05
0.000782927
7.24387e-05
-0.00095267
-0.000186932
0.000302282
-0.000134928
1.19055
-0.279668
-0.276373
-0.27511
-0.359401
-0.363118
-0.254043
-0.257263
-0.257851
1.13227
-0.826288
0.535827
0.533124
0.531885
-0.774548
0.0671746
-0.121059
-0.110586
0.297893
-0.160762
-0.158657
-0.157754
0.179279
