CLASSIFICATION
3
270
3
5
sigmoid
softmax
1.42796e-06
-2.54276e-05
2.88775e-07
6.90043e-05
-1.68508e-05
-1.59277e-05
0.00470829
0.00262993
0.00191768
1.84464e-05
-1.13046e-06
-1.20057e-06
6.69874e-05
9.83124e-06
-3.65751e-06
0.0014533
-0.00146697
-0.00235166
-2.63564e-05
-2.64526e-05
7.47598e-06
0.000413292
-0.000429988
-0.000671761
3.54328e-05
5.29783e-06
1.58199e-06
1.82785e-05
-2.15152e-06
-1.86884e-06
3.01367e-05
-3.52818e-06
-5.25244e-06
3.13627e-05
-0.00139108
-0.000817547
0.00102635
-0.00205415
-0.000446113
0.000572454
-0.00242945
-0.00145479
0.000299983
-0.00042144
-0.000315375
0.0063919
-0.0182397
-0.0121583
0.0109119
0.00873806
0.00666292
-5.59307e-05
-0.000247767
-3.3106e-05
0.00019412
-0.000195919
-0.000161317
4.61372e-06
-5.70372e-05
-1.15693e-05
6.65005e-05
-1.74854e-05
-1.68114e-05
-5.12914e-05
-9.60462e-05
-3.80287e-06
7.19562e-08
-4.54238e-05
-3.58886e-06
3.35231e-05
-2.58173e-05
-2.87685e-06
4.13739e-05
9.16994e-07
8.70193e-07
1.22184e-05
-4.06582e-05
1.01686e-05
-0.000145339
-0.00016957
-6.89113e-07
-0.000189403
-0.000626105
-0.00035682
0.00480672
-0.00326416
-0.00518896
0.0587963
-0.0806509
-0.0930313
0.00914651
-0.00995541
-0.0132773
-0.00013769
0.000821258
0.00152486
-0.00569167
0.000918193
0.0104961
-9.05171e-05
-4.91807e-05
9.52053e-05
5.08025e-05
0.00022839
0.000302352
0.000101675
9.78737e-05
5.77748e-05
3.48088e-05
-0.000129965
-3.30618e-05
7.96143e-05
6.29041e-05
2.1403e-05
-8.73758e-05
-0.000109531
7.08292e-05
-3.00243e-05
-0.000447703
-0.000329381
0.000125453
9.00724e-06
2.79621e-06
0.000279501
-3.46288e-05
7.29056e-05
0.000163929
0.000505071
0.000334658
0.00136877
0.000754106
-0.000249165
0.000175698
-0.000321182
-0.000310156
0.000586736
-0.000246204
-0.000338098
4.50589e-05
-2.01889e-05
1.59095e-05
0.000124358
2.23042e-05
1.99742e-05
-2.17224e-05
-8.69105e-05
-2.32901e-06
0.000184414
6.42715e-05
2.92048e-05
8.09249e-05
-1.91285e-05
8.79261e-06
-1.90427e-05
-0.000109882
8.6944e-05
0.00011431
6.82036e-05
-1.15457e-05
0.000390677
0.000441632
0.000322492
0.000282762
-0.000405142
-0.000519007
0.000525836
-0.00239291
-0.00234552
-2.24847e-05
0.0028017
0.00249697
-0.00351403
0.0165355
0.0176532
-0.00050758
0.000337327
0.000893712
-0.000215917
0.00246951
0.00221853
-0.000130678
-0.000117054
4.81352e-05
-0.000415759
-0.000477485
0.000159408
-0.00771113
-0.00659441
0.00225996
-0.0645747
-0.0545929
0.0168765
-0.00344322
-0.0035475
0.000665209
-0.000912572
-0.00185218
-0.000583258
-2.18032e-06
-0.000406653
-0.000177266
-0.00010969
-0.000444429
-7.48239e-05
1.12371e-05
-0.000401087
-0.000329964
-9.28546e-05
-0.00123128
-0.000766553
-0.000285846
0.00250813
0.00279373
-0.00904594
0.0120598
0.0198774
-0.000581472
0.00057479
0.00120225
-0.000130079
-0.000261375
-1.25766e-05
3.39622e-05
-3.05813e-05
7.80308e-06
-0.000442998
-0.000443055
0.000101921
-0.0135548
-0.0113444
0.00392114
-0.0726186
-0.0612222
0.0202656
-0.0232767
-0.0206593
0.00585709
-0.00574049
-0.00487125
0.00156271
-0.000437012
-0.000408698
0.000171899
-0.000125314
0.000415999
0.000537872
-9.01635e-05
-0.000397385
-0.000148519
0.000173652
0.000465462
0.000298328
0.00138401
0.00342327
0.00213718
0.00211799
0.0094881
0.00877009
-0.000220406
-0.000358831
0.000165871
-9.16508e-05
-4.83934e-05
0.000182353
0.00198433
0.00147625
0.00166439
0.00273172
-0.00537219
-0.00193896
-0.0102184
-0.00882355
0.00333259
-0.0511496
-0.0432592
0.0144023
-0.012868
-0.0115067
0.00286192
-0.00675691
-0.00616992
0.00141623
-0.000785194
-0.00139658
-0.000249366
-0.000158419
-0.000486456
-9.98256e-05
-0.000230911
-0.00043758
-5.21841e-05
-0.000677877
-0.000260728
0.00052506
-0.000157195
-0.00025721
0.000150055
-0.00163778
-0.00190423
7.76262e-05
-0.000211197
-0.000350426
-3.89231e-05
-0.000123878
-0.000681481
-0.000372262
-0.000219585
-0.000282702
2.59239e-05
-0.00196257
-0.00133156
0.000640657
-0.00666965
-0.0065292
0.000914868
-0.0275241
-0.0246125
0.00640667
-0.0137806
-0.0137799
0.00315123
-0.00515339
-0.00493127
0.000971105
-0.00109157
-0.000927488
0.000504797
-0.000293625
0.000294311
0.000675898
-0.000794655
-0.00130318
-0.000258002
0.000307341
0.000601586
0.000791447
0.0156273
0.0473941
0.0334733
0.0220719
0.110653
0.102972
0.0022372
0.00943761
0.00870825
2.09472e-05
0.000814977
0.00099889
-7.90794e-05
0.000388081
0.000669404
-0.00114034
-0.00227801
-0.00062689
-0.0016724
-0.00109651
0.00118781
-0.00864805
-0.00676861
0.00261578
-0.00421101
-0.00369902
0.00143245
-0.00489678
-0.00575317
0.000936894
-0.00137286
-0.000856638
0.000937558
-0.000693772
-0.000675108
0.000362541
-0.000258517
-0.000522209
2.60363e-06
0.000335455
-0.000925471
0.000451919
0.000153851
-0.00110225
0.00159342
-0.000742621
-0.00557164
-0.00196643
0.000134829
-9.91992e-05
0.00015205
-0.000494855
-0.000182344
0.000327145
-0.00109796
-0.00182689
-0.000408576
-0.00244812
-0.00277958
0.000131604
-0.00139982
-0.00204379
-0.000201964
-0.00241516
-0.00234687
0.000720466
-0.0010712
-0.000678747
0.000692747
-0.00109287
-0.000612792
0.00083814
-0.00130577
-0.00188658
-0.000453729
-0.000584337
-0.00147029
-0.000678602
0.000323305
0.000137122
8.62124e-05
8.42924e-05
0.000228701
0.000661631
0.0116831
0.0237906
0.0153341
-0.00552414
0.0226375
0.0461777
-0.000992199
0.00213413
0.00506929
-0.00030452
0.00106346
0.00141607
9.73519e-05
7.35034e-05
0.000156688
-0.000434985
-0.000377714
0.000251548
-0.000237934
-8.6122e-05
0.000165055
-7.4352e-05
0.00038699
0.00039328
-6.65981e-05
-0.000657194
-0.000512803
-0.00024423
-0.0012193
-0.000615486
0.000204103
-0.000286456
-0.000145531
-0.000375528
-0.00185565
-0.00091602
0.000241189
-0.000138734
-8.82659e-05
0.00010317
-0.000690286
-0.000371218
0.000584736
-7.80407e-05
-0.000316958
-0.000212644
-0.000532153
0.000157122
0.000134257
-0.000409251
-0.000364663
-0.000193426
0.00014885
0.000358399
6.00476e-05
-0.000302068
-0.000224536
0.000362101
3.40845e-05
5.47544e-05
-8.03631e-05
-0.000981761
-0.000599317
-0.000133012
-0.000248065
-2.3923e-07
-0.000105213
-0.000311653
-0.000144219
1.64022e-05
0.000349715
0.000379549
-0.000219987
-0.00053881
-0.000130812
-2.77121e-05
-0.000167066
7.22944e-05
0.000360293
-0.000432489
-0.000716601
0.000213536
-0.000691838
-0.000679012
0.00166858
-0.000301191
-0.000932722
-0.000349182
-0.00293682
0.00211033
0.00038538
-0.000615604
-0.00040231
-5.37399e-05
0.00031167
0.000280055
-1.62022e-05
-0.000107005
-1.85884e-05
-3.98709e-05
-0.000245849
-9.45272e-05
-0.000196078
-0.000403529
-0.000134255
1.52071e-05
-0.000581137
-0.000364221
-0.000200483
-0.000239597
-2.57967e-05
-2.06953e-05
-0.000398132
-0.000312705
0.000392738
0.000253616
0.000116028
0.000926565
-0.000816146
-0.000730724
0.00178617
-0.00233378
-0.00221938
0.0122469
0.00371193
-0.00498281
-0.00206634
-0.0130413
-0.00352385
-0.00105941
0.0011421
0.00281743
0.000716197
-0.00290226
-0.002509
2.05546e-05
4.27354e-05
0.000101897
0.000231535
0.000291146
0.000155849
-2.59356e-05
-0.000634089
-0.000329373
7.6928e-05
-0.000331767
-0.000214958
0.000363323
-0.000326736
-0.000224663
-0.000260419
-0.000724366
-0.00014382
-0.000177214
-0.000941839
-0.000490484
0.000188945
-3.50905e-05
-0.000123992
-7.30689e-05
0.000105252
0.000357885
0.000444128
0.00011216
-0.000152031
0.000329329
0.000186942
0.000101578
0.000326249
0.000309485
0.000145163
0.000872031
6.80793e-05
-0.000337288
0.000479428
-0.000124327
-0.000356052
-0.000163055
-0.000290426
4.53104e-05
0.000554115
-0.00050335
-0.000577119
0.000411771
-0.000293837
-0.000467331
1.58649e-05
0.000115988
0.000202364
0.00030606
-2.97968e-05
-0.000211592
0.000115918
-0.000374761
-0.000316228
0.000146907
-0.000334682
-0.000392531
8.67712e-05
8.52164e-05
9.50093e-05
-6.5641e-05
-7.7673e-05
5.9972e-05
0.000219137
-5.44334e-05
-9.62452e-05
-0.000295034
-0.000530347
-0.000135506
0.000301053
0.000467166
0.000158038
-1.97471e-05
-0.000133188
9.22437e-05
0.000254478
-0.00103364
-0.000798163
0.000125792
-0.000155029
-0.000150463
0.000147437
0.000205099
4.44146e-05
7.13688e-05
-0.000204932
-0.000118446
0.000181597
6.08474e-05
-4.52258e-05
1.94171e-05
-0.000118679
1.67609e-05
-3.99931e-05
-0.00034977
-0.000223068
9.48462e-05
-0.000226907
-4.66701e-05
0.000554139
-0.000105068
-0.000294663
-0.0001125
-0.000604827
-0.000357294
1.43673e-05
7.30901e-05
0.000157505
0.00024255
-0.000272126
-0.000194004
0.000744748
-0.000309526
-0.000773599
0.000866905
-8.46787e-05
0.000282686
0.000109254
0.000318715
0.000509923
9.36353e-05
0.000369378
0.000295186
0.000423091
0.000583709
0.000282449
0.00034326
-0.000563936
-0.000651304
0.000123983
0.000298858
0.000193181
0.000499612
-0.000428898
-0.000473469
0.000437321
0.000238164
-2.17093e-05
0.000188705
-0.000442519
-0.000471117
-0.000102677
-0.000134481
4.40427e-05
0.000166454
8.85681e-05
4.64134e-05
0.00013865
-7.21627e-05
-5.1103e-06
9.02133e-05
4.72581e-05
2.74008e-05
0.000329078
-0.000109437
-0.00028066
0.000104383
-0.000295712
-5.35211e-05
0.000137274
-0.000120944
-9.31282e-05
-0.000244287
-0.000122132
0.000137962
0.000128412
5.35903e-06
-4.8198e-06
-0.000122965
-0.000140363
1.77657e-05
8.41875e-05
-0.00013428
-0.000158411
0.000117979
7.08662e-05
5.13225e-05
0.000119804
-0.000253889
-0.000268169
-2.17747e-05
0.000313406
0.000247745
0.000240285
-0.000186336
-0.000267646
-6.82362e-05
-0.000393817
-0.000160903
0.00157613
0.00103984
0.000341899
0.000866039
-0.00319667
-0.00317102
0.000640845
-0.000377084
-0.000576042
-0.000287839
-0.000355191
0.000571861
-0.000216101
-0.000474095
9.49406e-05
-0.000138174
-0.000116367
3.42262e-05
-9.05255e-05
-0.000102105
3.0797e-05
7.92222e-05
-6.42703e-05
-5.3855e-05
6.69615e-05
4.59742e-05
3.20288e-05
0.000622303
0.000104103
-0.000193336
0.000483276
-0.0008022
-0.000798668
4.48833e-05
-3.21052e-05
-4.0215e-05
0.000311752
-0.000384857
-0.000596222
-4.90149e-05
-0.000338143
-0.000156854
0.000103379
-4.30817e-06
-6.20536e-06
3.01932e-05
-0.000157966
-0.000103506
0.000128584
0.000205613
0.000131095
0.000181512
-4.80348e-05
-0.000104482
-7.2389e-05
-0.000952254
-0.000782215
-0.000302275
-0.000134962
0.000186756
0.360192
0.255681
0.258891
0.259474
-1.13424
-0.826792
0.53616
0.53346
0.53222
-0.775048
-1.19219
0.281231
0.277952
0.276703
0.356305
0.0956084
-0.116043
-0.104783
1.13085
-0.698325
-0.696151
-0.694579
0.9582
