CLASSIFICATION
3
270
4
5
sigmoid
softmax
-2.40613e-05
-1.70186e-06
-2.40581e-05
-1.74565e-07
-1.76783e-05
-6.7631e-05
-1.76676e-05
1.71449e-05
0.00215611
-0.00463698
0.00215645
-0.00171081
-9.31054e-07
-1.76472e-05
-9.27875e-07
1.30571e-06
8.79499e-06
-6.56892e-05
8.79234e-06
4.5028e-06
-0.00132476
-0.00146103
-0.00132434
0.00224782
-2.4167e-05
2.58673e-05
-2.41673e-05
-7.63038e-06
-0.000378008
-0.000416646
-0.000377863
0.000637393
4.1901e-06
-3.40878e-05
4.19094e-06
-1.10447e-06
-2.22796e-06
-1.75703e-05
-2.22568e-06
1.99375e-06
-3.8283e-06
-2.93904e-05
-3.82644e-06
5.65677e-06
-0.00131105
-8.20545e-05
-0.00131085
0.000778684
-0.00210197
-0.0011758
-0.00210068
0.000566943
-0.00224779
-0.000656729
-0.0022475
0.0013732
-0.000406123
-0.000304159
-0.000406016
0.000312369
-0.0172357
-0.00670608
-0.0172299
0.0118843
0.00745719
-0.0110413
0.00746196
-0.00574591
-0.000235001
5.19797e-05
-0.000234974
3.48349e-05
-0.000197264
-0.000199467
-0.000197208
0.000165872
-5.40456e-05
-5.15604e-06
-5.4038e-05
1.18747e-05
-1.83843e-05
-6.46901e-05
-1.83751e-05
1.7176e-05
-8.986e-05
4.90807e-05
-8.98554e-05
3.4358e-06
-4.30477e-05
2.73915e-07
-4.30416e-05
3.10762e-06
-2.50734e-05
-3.17092e-05
-2.50667e-05
2.20793e-06
4.1681e-07
-3.903e-05
4.19845e-07
-1.12945e-06
-3.89018e-05
-1.17623e-05
-3.88971e-05
-8.96006e-06
-0.000157202
0.000139596
-0.000157199
-2.46498e-07
-0.000564348
0.000176994
-0.000564288
0.00032893
-0.00306715
-0.004845
-0.00306522
0.0050334
-0.0750912
-0.0603722
-0.0750519
0.0896683
-0.00911827
-0.00905972
-0.00911517
0.0126811
0.000730933
0.00013229
0.000731072
-0.00144235
0.00042638
0.0053986
0.000427649
-0.00981781
-4.97967e-05
8.5367e-05
-4.97963e-05
-8.88569e-05
0.00017938
-5.02691e-05
0.000179356
-0.000268414
8.88111e-05
-9.72479e-05
8.88134e-05
-5.39806e-05
-0.000125575
-3.68119e-05
-0.000125555
3.49756e-05
5.57152e-05
-7.74292e-05
5.57038e-05
-1.78868e-05
-0.000110707
8.22584e-05
-0.000110705
-6.37555e-05
-0.000426353
1.58711e-05
-0.00042627
0.00032123
6.45932e-06
-0.000120955
6.466e-06
-1.94605e-06
-5.1094e-05
-0.00027398
-5.10746e-05
-5.98786e-05
0.000451547
-0.000161399
0.000451515
-0.000304058
0.000668061
-0.00135648
0.000668525
0.000271213
-0.000289102
-0.000177357
-0.000289005
0.000290516
-0.000246532
-0.000604249
-0.000246191
0.00034188
-1.97091e-05
-4.29409e-05
-1.97045e-05
-1.67417e-05
1.97732e-05
-0.000117954
1.97722e-05
-2.12212e-05
-8.16527e-05
2.07014e-05
-8.1649e-05
2.87175e-06
5.31449e-05
-0.00017987
5.31404e-05
-2.3052e-05
-1.99751e-05
-7.93679e-05
-1.99659e-05
-8.68777e-06
-0.000107595
1.59053e-05
-0.000107594
-8.45313e-05
5.45769e-05
-0.000113744
5.45842e-05
1.70401e-05
0.00039732
-0.00037682
0.000397345
-0.000301773
-0.000362327
-0.000282366
-0.000362227
0.000485656
-0.00220233
-0.000571331
-0.00220187
0.00222542
0.0024814
2.93345e-05
0.00248126
-0.00230066
0.0147948
0.00350414
0.0147947
-0.0164689
0.000287466
0.000497474
0.000287423
-0.000839422
0.00222742
0.000216251
0.00222731
-0.00207827
-0.000109434
0.000126504
-0.000109441
-4.84818e-05
-0.000462488
0.000393053
-0.000462461
-0.000146128
-0.00614529
0.00743865
-0.00614515
-0.0023734
-0.0507488
0.0622945
-0.0507482
-0.0177909
-0.00330312
0.00331121
-0.00330298
-0.00073628
-0.00170109
0.000866949
-0.00170091
0.000523736
-0.000380546
-7.21645e-06
-0.000380477
0.000174094
-0.000424281
0.000101653
-0.000424209
7.17149e-05
-0.00036243
-1.54085e-05
-0.000362342
0.000303589
-0.00111227
8.43033e-05
-0.00111207
0.000707259
0.00225155
0.000314625
0.00225153
-0.00261233
0.0106284
0.00894698
0.0106281
-0.0186597
0.000510727
0.000576251
0.000510714
-0.00113352
-0.000242394
0.00012427
-0.00024238
1.11827e-05
-2.77763e-05
-3.20442e-05
-2.77791e-05
-8.79674e-06
-0.000410672
0.000429877
-0.00041066
-0.000110832
-0.0105481
0.013093
-0.0105479
-0.00413903
-0.0569226
0.0700762
-0.0569218
-0.0213512
-0.0191857
0.0224643
-0.0191852
-0.0062768
-0.00452864
0.00554845
-0.00452859
-0.00164899
-0.000385146
0.000422775
-0.000385143
-0.000174848
0.000352374
0.000118619
0.000352362
-0.000491998
-0.000371236
8.24743e-05
-0.000371171
0.00014027
0.000417028
-0.000165522
0.000417069
-0.000277245
0.00309885
-0.00129745
0.00309879
-0.00196927
0.0085613
-0.00187282
0.00856146
-0.00816735
-0.000318615
0.000220142
-0.000318531
-0.000168196
-6.27466e-05
8.6117e-05
-6.27561e-05
-0.000163801
0.00108945
-0.00201683
0.00108968
-0.00138733
-0.00541286
-0.00299496
-0.00541064
0.00214378
-0.00825227
0.00985556
-0.00825207
-0.0034632
-0.0402119
0.0493932
-0.0402113
-0.0152339
-0.0106807
0.0124189
-0.0106805
-0.00309552
-0.00572894
0.00652951
-0.00572877
-0.00154718
-0.00128227
0.000757198
-0.00128214
0.000188966
-0.000451041
0.000145619
-0.00045098
8.7728e-05
-0.000414601
0.000219409
-0.000414555
4.98985e-05
-0.000270467
0.000651644
-0.000270428
-0.000503216
-0.000250376
0.000149875
-0.000250339
-0.000140131
-0.0017747
0.00157135
-0.00177451
-9.75087e-05
-0.000333595
0.000196686
-0.000333548
4.16079e-05
-0.000633533
0.000104385
-0.000633422
0.000356141
-0.000266383
0.000210292
-0.000266364
-2.85652e-05
-0.001247
0.00189077
-0.00124699
-0.000641682
-0.00603737
0.00643248
-0.00603717
-0.00107153
-0.0229436
0.0265141
-0.0229428
-0.00678299
-0.0128769
0.0132393
-0.0128758
-0.00332346
-0.00457653
0.00497557
-0.00457626
-0.00108208
-0.000898542
0.00105009
-0.0008985
-0.000491651
0.000236031
0.000283593
0.000236007
-0.000632743
-0.00119997
0.000767661
-0.0011998
0.00021441
0.000532601
-0.000282137
0.000532492
-0.000745283
0.0436292
-0.0142838
0.0436281
-0.0313506
0.102082
-0.0186285
0.102082
-0.0971341
0.00872533
-0.00192149
0.00872548
-0.00822042
0.00073338
-5.07106e-06
0.000733388
-0.00093739
0.000337004
7.18581e-05
0.000337
-0.00063542
-0.00210533
0.00107151
-0.00210512
0.000567015
-0.00106269
0.00160318
-0.00106243
-0.00119038
-0.00633875
0.00833787
-0.00633862
-0.00267783
-0.00350442
0.00403411
-0.00350413
-0.00143132
-0.00540968
0.00468916
-0.00540913
-0.000982635
-0.000843752
0.00132199
-0.000843656
-0.000904374
-0.000646963
0.000665024
-0.000646953
-0.000355465
-0.000498111
0.000243834
-0.000498069
-4.36739e-06
-0.000984358
-0.000391017
-0.00098392
-0.000360994
-0.00124255
-0.000233205
-0.00124165
-0.00142282
-0.00524606
0.000619676
-0.00524488
0.00186339
-0.000110658
-0.000137616
-0.000110454
-0.000138456
-0.00017209
0.000478463
-0.000172029
-0.000315736
-0.00167876
0.00104733
-0.00167861
0.000354777
-0.00257103
0.00235694
-0.00257089
-0.00018547
-0.00189573
0.00133601
-0.00189558
0.000161054
-0.00220946
0.00232195
-0.00220935
-0.000739811
-0.000673523
0.00102104
-0.00067348
-0.00065735
-0.000615204
0.0010482
-0.000615185
-0.000799469
-0.00172702
0.00123895
-0.00172683
0.00040057
-0.00134729
0.000544878
-0.00134705
0.000623339
0.000126329
-0.00031319
0.000126403
-7.91541e-05
0.000221536
-5.25011e-05
0.00022169
-0.000640012
0.0225196
-0.0107393
0.0225214
-0.0146282
0.0223556
0.00696401
0.0223627
-0.0447373
0.00212345
0.00112911
0.00212413
-0.00490767
0.000969188
0.000318169
0.000969057
-0.0013426
5.682e-05
-9.34472e-05
5.68195e-05
-0.000146084
-0.000356401
0.000416031
-0.00035639
-0.000248153
-8.97508e-05
0.000228088
-8.97746e-05
-0.000154258
0.000343468
7.39858e-05
0.000343455
-0.00037432
-0.000594078
5.83413e-05
-0.000593973
0.000475634
-0.00112321
0.000220159
-0.00112301
0.000575187
-0.000269171
-0.000209399
-0.000269064
0.000135405
-0.00170268
0.000343301
-0.00170241
0.000847203
-0.00013838
-0.000241032
-0.000138324
9.03825e-05
-0.000672533
-0.000120372
-0.000672397
0.000378184
-6.6924e-05
-0.000569199
-6.68495e-05
0.000305148
-0.000509275
0.000207534
-0.000509211
-0.000145153
-0.000368501
-0.000134415
-0.000368418
0.000336346
0.000122686
0.000186654
0.000122643
-0.000329626
-0.000271695
-5.94192e-05
-0.000271646
0.000207348
1.94476e-05
-0.000346787
1.95089e-05
-4.8221e-05
-0.000897492
6.09432e-05
-0.000897359
0.000563766
-0.000236058
0.000123894
-0.000236045
2.67413e-06
-0.000288979
9.46496e-05
-0.000288907
0.000137181
0.0003188
-1.48429e-05
0.000318786
-0.000359417
-0.000499364
0.000205681
-0.000499321
0.000122991
-0.000162683
2.23582e-05
-0.000162697
-6.77816e-05
-0.000389572
-0.000356456
-0.000389427
0.000676538
-0.000618859
-0.000216134
-0.000618721
0.000632627
-0.000155209
-0.00159628
-0.000154521
0.000839864
-0.00248021
0.000471389
-0.00247868
-0.00220165
-0.000532484
-0.000359971
-0.000532197
0.000354463
0.000266082
4.81954e-05
0.000266095
-0.000251233
-0.000100989
1.29443e-05
-0.000100961
1.88185e-05
-0.000224555
3.79592e-05
-0.000224527
8.46157e-05
-0.000366804
0.000183041
-0.000366746
0.000122005
-0.000534672
-2.31901e-05
-0.000534563
0.000337237
-0.000214672
0.000192374
-0.000214637
1.6519e-05
-0.000353198
1.36968e-05
-0.00035313
0.000287888
0.000208705
-0.00038008
0.000208713
-9.36104e-05
-0.000823354
-0.000949336
-0.000823107
0.000749071
-0.00226378
-0.0018321
-0.00226321
0.00220302
0.00341175
-0.0121853
0.00341388
0.00477164
-0.012275
0.00148359
-0.0122728
0.0032132
0.000899173
0.000952756
0.000899391
-0.00263367
-0.0026006
-0.000731744
-0.00259999
0.0023136
2.46252e-05
-2.3709e-05
2.46611e-05
-8.61402e-05
0.000268781
-0.000224147
0.000268766
-0.000143173
-0.000580691
1.90907e-05
-0.000580588
0.000307965
-0.000296015
-7.50907e-05
-0.000295951
0.000193366
-0.000305886
-0.000353993
-0.000305789
0.000211008
-0.000672829
0.000242387
-0.000672605
0.000132483
-0.000860324
0.000162421
-0.000860197
0.000459724
-2.77156e-05
-0.000188074
-2.76676e-05
0.000114862
7.15348e-05
6.78821e-05
7.14987e-05
-0.000323733
8.97438e-05
-0.00043974
8.97716e-05
0.000153847
0.000145676
-0.000322832
0.000145658
-8.4372e-05
0.000254354
-0.000325103
0.000254357
-0.00011592
6.85494e-05
-0.000848174
6.87115e-05
0.000322508
-0.000103184
-0.00046963
-0.000103107
0.000334114
-0.000274033
0.000155464
-0.000274012
-4.18841e-05
-0.000459387
-0.00054898
-0.000459258
0.000552796
-0.000264341
-0.000410357
-0.000264267
0.000447196
9.43186e-05
-1.72986e-05
9.43117e-05
-0.000183752
-2.83262e-05
-0.000298325
-2.828e-05
0.00019991
-0.000336624
-0.000116942
-0.000336562
0.000293027
-0.000306016
-0.000146499
-0.000305929
0.00036833
7.1562e-05
-8.37292e-05
7.15461e-05
-8.59065e-05
-7.99044e-05
6.02305e-05
-7.99019e-05
-5.18304e-05
-4.35135e-05
-0.000211627
-4.34831e-05
8.74152e-05
-0.000496994
0.000278566
-0.000496936
0.000128389
0.000411906
-0.000296317
0.000411915
-0.000132279
-0.000147522
1.63633e-05
-0.000147484
-7.74406e-05
-0.000965423
-0.000271622
-0.000965242
0.0007677
-0.0001529
-0.000131503
-0.000152868
0.000147959
0.000190488
-0.000141147
0.000190539
-4.41748e-05
-0.000188418
-7.22487e-05
-0.000188393
0.000112016
4.49356e-05
-0.000180338
4.49721e-05
5.39566e-05
-0.000113469
-2.22323e-05
-0.00011346
-1.05287e-05
-0.000313782
3.79123e-05
-0.000313734
0.00020477
-0.000213438
-9.55179e-05
-0.000213423
4.45657e-05
-9.58175e-05
-0.00054276
-9.56865e-05
0.000284608
-0.000550433
0.000103032
-0.000550348
0.000329732
4.56029e-05
-1.85954e-05
4.55949e-05
-0.00013462
-0.000244303
-0.000235658
-0.000244245
0.000179996
-0.000278178
-0.000742013
-0.000277964
0.000742758
-0.000132617
-0.000849426
-0.000132351
-0.000254542
0.000267842
-0.000104682
0.000267857
-0.000470512
0.000329411
-8.91905e-05
0.000329396
-0.000272238
0.000500668
-0.000416659
0.000500614
-0.000239982
-0.000510664
-0.00034021
-0.000510512
0.000613436
0.000270477
-0.000117055
0.000270488
-0.000179897
-0.000388814
-0.000492051
-0.000388701
0.00045123
0.000200796
-0.00043006
0.000200797
4.07947e-05
-0.000393629
-0.000187154
-0.000393525
0.00043971
-0.000127843
9.91016e-05
-0.000127816
-4.17119e-05
7.77007e-05
-0.000160714
7.77001e-05
-4.03942e-05
-8.32694e-05
-0.000140966
-8.32481e-05
1.66542e-05
4.83131e-05
-8.36247e-05
4.83096e-05
-3.05424e-05
-0.000100317
-0.000323026
-0.000100236
0.000266716
-0.000285181
-0.000109691
-0.000285076
5.49913e-05
-0.000113305
-0.000134777
-0.000113284
8.87721e-05
-0.000111251
0.000234709
-0.00011125
-0.000133956
4.40195e-06
-0.000125238
4.41202e-06
6.03481e-06
-0.000131861
0.000117107
-0.000131858
-1.68509e-05
-0.000120373
-8.21636e-05
-0.000120335
0.000146429
6.54743e-05
-0.000111497
6.54772e-05
-4.99829e-05
-0.000225836
-0.000118949
-0.000225771
0.000250531
0.000274558
2.09009e-05
0.000274548
-0.000224643
-0.000177346
-0.000242171
-0.000177283
0.000263371
-0.000365543
5.63437e-05
-0.00036543
0.000151733
0.00079371
-0.00158247
0.000793675
-0.000197392
-0.00287215
-0.00088213
-0.00287151
0.00296826
-0.000338859
-0.000629218
-0.000338656
0.000543083
-0.000393474
0.000255574
-0.000393216
-0.000516271
-0.000444145
0.000205715
-0.000444126
-8.81022e-05
-0.000107786
0.000132145
-0.000107771
-3.16063e-05
-0.000101766
8.51343e-05
-0.000101763
-2.62053e-05
-5.86144e-05
-7.72558e-05
-5.85934e-05
5.10085e-05
4.10838e-05
-6.34049e-05
4.10887e-05
-2.99485e-05
5.49533e-05
-0.000622017
5.50171e-05
0.000222827
-0.000739325
-0.000488264
-0.000739142
0.000762913
-3.12736e-05
-4.52119e-05
-3.12631e-05
4.07926e-05
-0.000341869
-0.000310573
-0.000341774
0.000561595
-0.000315453
4.00287e-05
-0.000315426
0.000151424
-4.37944e-06
-9.86812e-05
-4.37367e-06
5.05517e-06
-0.000142753
-3.00278e-05
-0.000142728
9.56359e-05
0.000171354
-0.000126857
0.000171346
-0.000112522
-3.55097e-05
-0.000174447
-3.54467e-05
9.0369e-05
-0.000849838
5.64772e-05
-0.000849709
0.000727355
-0.000130922
0.000292311
-0.000130949
-0.000177315
-0.648744
0.423973
0.420555
0.419128
-0.614912
-0.416943
-0.197565
-0.203179
-0.204182
1.02187
-0.648745
0.423973
0.420555
0.419129
-0.614912
1.06594
-0.2225
-0.217617
-0.215926
-0.409893
-0.0821111
-0.089666
-0.0868413
0.0981566
0.590147
-0.356331
-0.350595
-0.34828
0.465059
