CLASSIFICATION
3
270
4
5
sigmoid
softmax
-9.13175e-07
2.54514e-05
2.78883e-07
2.95891e-07
-6.6064e-05
1.7376e-05
1.72932e-05
1.73413e-05
-0.00456397
-0.0023925
-0.00150937
-0.00150273
-1.8374e-05
8.88821e-07
1.3632e-06
1.3837e-06
-6.57158e-05
-1.02078e-05
5.2668e-06
5.34203e-06
-0.00138053
0.00133344
0.00215486
0.00215783
2.54009e-05
2.63464e-05
-7.34651e-06
-7.37036e-06
-0.000399204
0.00038322
0.000608384
0.000609582
-3.47221e-05
-4.72566e-06
-7.98926e-07
-8.07435e-07
-1.79288e-05
2.18089e-06
2.03644e-06
2.04291e-06
-2.92242e-05
3.63728e-06
5.69346e-06
5.70492e-06
5.96009e-06
0.0013466
0.000780897
0.000783637
-0.000824115
0.00213588
0.000604192
0.000613514
-0.000485982
0.00232082
0.00136623
0.00137031
-0.000277284
0.000414496
0.000308195
0.000308739
-0.00560808
0.0177553
0.0116031
0.0116375
-0.0102214
-0.00803517
-0.00543789
-0.00540297
5.97258e-05
0.000248007
3.69431e-05
3.68745e-05
-0.000181189
0.000195848
0.000169213
0.000169844
-3.48975e-06
5.67605e-05
1.21438e-05
1.21872e-05
-6.42874e-05
1.79236e-05
1.76858e-05
1.77014e-05
5.13739e-05
9.56627e-05
4.16961e-06
4.15207e-06
3.35116e-07
4.53812e-05
3.8382e-06
3.82395e-06
-3.25843e-05
2.59618e-05
3.11048e-06
3.09118e-06
-4.10143e-05
-7.50332e-07
-5.29843e-07
-5.53246e-07
-1.18178e-05
4.15763e-05
-8.06962e-06
-8.0835e-06
0.000143995
0.000168329
5.37386e-07
5.06006e-07
0.000191967
0.000594314
0.000316046
0.000316373
-0.00451675
0.00303825
0.00485008
0.00486277
-0.0541271
0.0760059
0.0864534
0.0867095
-0.00879438
0.00918245
0.0123157
0.0123356
0.00012897
-0.000744143
-0.0013727
-0.00137132
0.00570658
-0.000256447
-0.00929081
-0.00927988
9.10731e-05
5.53349e-05
-8.39159e-05
-8.39137e-05
-4.61274e-05
-0.000189915
-0.00025283
-0.000253091
-9.9703e-05
-9.40016e-05
-5.10565e-05
-5.10526e-05
-2.99106e-05
0.000130643
3.63508e-05
3.64466e-05
-7.66521e-05
-5.94622e-05
-1.67422e-05
-1.68386e-05
8.95159e-05
0.000117561
-5.76004e-05
-5.75805e-05
4.14273e-05
0.000438203
0.000314134
0.00031456
-0.000122507
-8.13118e-06
-1.88354e-07
-1.95017e-07
-0.000265875
4.84107e-05
-4.85432e-05
-4.84127e-05
-0.000159463
-0.000473887
-0.000294375
-0.000294508
-0.00131193
-0.00074151
0.000257172
0.000260355
-0.000164586
0.000298061
0.000279665
0.000280237
-0.000544772
0.000236379
0.000336045
0.000338534
-4.39241e-05
2.03562e-05
-1.39571e-05
-1.39377e-05
-0.000122302
-2.19889e-05
-1.76527e-05
-1.7698e-05
2.23857e-05
8.69387e-05
3.45276e-06
3.44355e-06
-0.000178465
-5.88175e-05
-1.91235e-05
-1.9064e-05
-7.83536e-05
1.94572e-05
-5.8602e-06
-5.69456e-06
2.19652e-05
0.000113619
-7.43215e-05
-7.41563e-05
-0.000109154
-6.15624e-05
1.73953e-05
1.74114e-05
-0.000385816
-0.000420811
-0.000283772
-0.000283474
-0.000269185
0.000368166
0.000469223
0.000470053
-0.000458271
0.00225683
0.00215845
0.00216186
9.96927e-06
-0.00258545
-0.00222127
-0.00222208
0.00332064
-0.0152744
-0.0159184
-0.0159189
0.000486883
-0.000279536
-0.000805251
-0.000805768
0.000190055
-0.00231732
-0.00200096
-0.00200094
0.000128643
0.000118285
-4.47741e-05
-4.48976e-05
0.00041702
0.000491311
-0.000129088
-0.000128846
0.00762722
0.00657681
-0.00212135
-0.00211762
0.0637792
0.054364
-0.0159326
-0.0159053
0.00341814
0.00351792
-0.000628559
-0.000626467
0.000917003
0.00179413
0.00051966
0.000520738
1.15344e-05
0.000397549
0.000171657
0.000172011
0.000114334
0.000443861
7.79803e-05
7.83499e-05
-8.63704e-06
0.00037547
0.000293024
0.000293599
0.000101924
0.0011658
0.000681771
0.000682818
0.00024703
-0.00231558
-0.00252753
-0.00252806
0.00873307
-0.0107363
-0.0179739
-0.0179783
0.000563041
-0.000504785
-0.00109222
-0.00109258
0.000130017
0.000258352
1.33877e-05
1.33042e-05
-3.3103e-05
2.97899e-05
-7.33287e-06
-7.3842e-06
0.000436597
0.000439607
-9.78404e-05
-9.77958e-05
0.0133833
0.0112985
-0.00370763
-0.00370185
0.0717234
0.0609672
-0.0191263
-0.0190913
0.0230021
0.0205183
-0.00557038
-0.00555839
0.00566861
0.00485291
-0.0014782
-0.0014763
0.000433253
0.000412166
-0.000156515
-0.000156483
0.000124951
-0.000367058
-0.000468284
-0.000468302
9.48549e-05
0.000388576
0.000138898
0.000139283
-0.000174321
-0.000440524
-0.000266401
-0.000266039
-0.00139649
-0.00324662
-0.00191573
-0.00191626
-0.0022002
-0.00886815
-0.00791857
-0.00791852
0.000214932
0.000350967
-0.000163677
-0.000163276
9.52673e-05
6.87822e-05
-0.000153535
-0.000153718
-0.00182694
-0.00120913
-0.00125605
-0.00125433
-0.00230329
0.00549242
0.00225757
0.0022744
0.0101162
0.00882831
-0.0030973
-0.00309239
0.0505191
0.0430601
-0.0136285
-0.0136049
0.012714
0.0114205
-0.0027349
-0.00272924
0.00667765
0.00612142
-0.00135851
-0.00135575
0.000783022
0.00135162
0.000208652
0.000209543
0.000162625
0.000475066
9.06734e-05
9.11797e-05
0.000235271
0.000437308
5.42948e-05
5.42189e-05
0.000672601
0.000293194
-0.000465954
-0.000465461
0.000160611
0.000267349
-0.000127067
-0.000126948
0.00163138
0.00189096
-7.30907e-05
-7.22231e-05
0.000216582
0.000352125
4.33404e-05
4.34924e-05
0.000134427
0.000660326
0.00034682
0.000347716
0.000219121
0.000282423
-2.14741e-05
-2.13975e-05
0.00193881
0.00134573
-0.000593016
-0.000592693
0.00659454
0.00644345
-0.000911204
-0.000908436
0.027243
0.0245224
-0.00601087
-0.0059974
0.0137106
0.0137315
-0.00291492
-0.00290376
0.00510131
0.00488375
-0.000938446
-0.000935945
0.00108834
0.000958238
-0.000442569
-0.000442305
0.000290042
-0.0002424
-0.000595458
-0.000595327
0.000782804
0.00126665
0.000224429
0.000225331
-0.000308292
-0.000549649
-0.000706227
-0.000707021
-0.016187
-0.0453082
-0.0306766
-0.0306827
-0.0240272
-0.105004
-0.0947402
-0.0947453
-0.00240067
-0.00897326
-0.0080289
-0.00802826
-3.52001e-05
-0.000751642
-0.000906182
-0.000905996
8.44074e-05
-0.000348375
-0.000598964
-0.000598442
0.00115408
0.00221856
0.000568592
0.000570264
0.00166748
0.00113206
-0.00108065
-0.00107753
0.00855177
0.0067993
-0.00242852
-0.00242552
0.00419459
0.00374065
-0.00128368
-0.00128076
0.0048943
0.00574728
-0.000825914
-0.000821518
0.00136692
0.000909262
-0.000834331
-0.000833515
0.000692919
0.000692645
-0.000322793
-0.00032258
0.000263361
0.00052415
9.29763e-06
9.38038e-06
-0.00025335
0.00100973
-0.000295962
-0.000292633
-4.08533e-05
0.00127628
-0.00127352
-0.00126671
0.000864987
0.00546729
0.00187895
0.00188637
-0.00011885
0.000112492
-0.000125095
-0.000124014
0.000488917
0.000193855
-0.000300965
-0.000300578
0.00109715
0.00177595
0.000359053
0.000360072
0.00242665
0.00274239
-0.000143321
-0.000142275
0.00140165
0.00200968
0.000180379
0.000181131
0.00240186
0.0023566
-0.000653983
-0.000652845
0.00107236
0.00072471
-0.000607364
-0.000606723
0.00109129
0.000666053
-0.000741186
-0.000740876
0.00130284
0.00183012
0.00039507
0.000396604
0.000590457
0.00141115
0.00061181
0.000613482
-0.000314313
-0.000133714
-7.80476e-05
-7.73759e-05
-9.30385e-05
-0.000209497
-0.000623635
-0.000622857
-0.0120625
-0.0232606
-0.0145899
-0.0145757
0.00415643
-0.0216281
-0.0439495
-0.0439019
0.000851694
-0.00201825
-0.00482075
-0.00481635
0.000282489
-0.000983575
-0.00129864
-0.00129942
-9.28922e-05
-6.03243e-05
-0.000135432
-0.000135401
0.000433465
0.000384071
-0.000228217
-0.0002278
0.000235578
9.9226e-05
-0.000145082
-0.00014526
7.26738e-05
-0.000359341
-0.000355248
-0.000355287
7.16036e-05
0.00061875
0.000457673
0.000458287
0.000257487
0.00117428
0.000563302
0.000564488
-0.00018571
0.000276246
0.00013566
0.00013676
0.000391482
0.00177969
0.000833349
0.00083549
-0.000229703
0.000136193
9.71226e-05
9.7823e-05
-7.65557e-05
0.000691081
0.000377214
0.000378027
-0.000569647
5.80441e-05
0.00029644
0.000296915
0.000215512
0.00054422
-0.000131687
-0.000131558
-0.000126914
0.000380332
0.000326464
0.000327025
0.000190756
-0.00012052
-0.000316843
-0.000317091
-5.62185e-05
0.000283619
0.000199944
0.000200176
-0.000354687
-2.52513e-05
-4.10647e-05
-4.07101e-05
9.45287e-05
0.000937183
0.000548161
0.000549017
0.000136794
0.000249566
6.42746e-06
6.55811e-06
0.000112548
0.00030206
0.000134079
0.000134473
-1.73319e-05
-0.000329929
-0.000343415
-0.000343341
0.000222393
0.000527475
0.000122979
0.000123295
3.3624e-05
0.000171882
-5.78438e-05
-5.78038e-05
-0.000344081
0.000390633
0.000650032
0.000650721
-0.000200657
0.000639462
0.000608382
0.00060945
-0.00165673
0.000167331
0.000755201
0.000760273
0.000303595
0.00277381
-0.00215373
-0.00214247
-0.000381117
0.000561259
0.000333471
0.000335288
5.45297e-05
-0.000280115
-0.000242033
-0.000241896
1.80742e-05
0.000105761
1.9608e-05
1.98498e-05
4.19336e-05
0.000236407
8.3534e-05
8.36442e-05
0.000199762
0.000388573
0.000117507
0.000117907
-2.72396e-06
0.000554785
0.000330576
0.000331358
0.000198077
0.000229971
1.6106e-05
1.63628e-05
2.21474e-05
0.000369237
0.000275393
0.000276013
-0.000379322
-0.000228379
-8.30518e-05
-8.318e-05
-0.000866655
0.000811307
0.000766365
0.000769079
-0.0016523
0.00227567
0.00218647
0.00219137
-0.0119048
-0.00396777
0.00462846
0.00465621
0.00231217
0.0127238
0.00340248
0.00343663
0.00107403
-0.000937239
-0.00247214
-0.00246722
-0.000677725
0.00268776
0.00224505
0.00224999
-1.95737e-05
-2.77411e-05
-8.0868e-05
-8.06475e-05
-0.000228223
-0.000282232
-0.000138846
-0.000138727
3.34896e-05
0.000608041
0.00029962
0.000300308
-7.35094e-05
0.000309767
0.000187726
0.000188028
-0.000349755
0.000312924
0.000210339
0.000211039
0.000270933
0.000709634
0.00013049
0.00013186
0.00018427
0.000903649
0.000445081
0.000445616
-0.000183617
2.4584e-05
0.000110441
0.000110952
7.20004e-05
-7.04679e-05
-0.000306266
-0.00030651
-0.000428159
-0.000109639
0.000154521
0.000154958
-0.000313503
-0.000164415
-6.89554e-05
-6.89865e-05
-0.000315672
-0.000279941
-0.000101991
-0.000101662
-0.000848712
-9.04279e-05
0.000312762
0.000313977
-0.000465842
9.70538e-05
0.000321765
0.000322555
0.000163281
0.000291991
-3.57194e-05
-3.56106e-05
-0.000532645
0.000467288
0.00053713
0.000537992
-0.000396451
0.000265421
0.000430948
0.000431502
-1.07925e-05
-9.72066e-05
-0.000174314
-0.000174399
-0.00029664
1.98683e-05
0.000194502
0.000194788
-0.000107173
0.000348319
0.000285213
0.000285689
-0.000140104
0.000310999
0.000357099
0.00035761
-8.41146e-05
-7.50633e-05
-8.08826e-05
-8.10602e-05
6.79043e-05
8.52324e-05
-4.75759e-05
-4.76045e-05
-0.000215345
4.33143e-05
8.48449e-05
8.50953e-05
0.000295983
0.00052302
0.000128964
0.000129289
-0.000294224
-0.000440506
-0.000127586
-0.000127509
2.64599e-05
0.000152147
-6.70939e-05
-6.70617e-05
-0.000219208
0.000994302
0.000749577
0.000750813
-0.000117192
0.00015245
0.000147619
0.000147989
-0.000146065
-0.000203552
-4.31216e-05
-4.27387e-05
-6.50908e-05
0.000196052
0.000110504
0.000110684
-0.000174871
-5.42825e-05
5.41389e-05
5.43581e-05
-1.7301e-05
0.000121243
-9.41886e-06
-9.42949e-06
3.93287e-05
0.000329637
0.000197156
0.000197333
-8.57453e-05
0.00022335
4.84972e-05
4.85472e-05
-0.000534006
8.79076e-05
0.000276482
0.000277224
0.000116189
0.000576068
0.00031966
0.000320184
-8.07435e-06
-4.88715e-05
-0.000126572
-0.00012672
-0.000232156
0.000253699
0.000175866
0.000176283
-0.000715758
0.000267363
0.000711513
0.000713009
-0.000823883
0.000119689
-0.000216817
-0.000214883
-0.000102033
-0.00027879
-0.000443398
-0.000443245
-9.21799e-05
-0.000345176
-0.000261236
-0.000261286
-0.00040808
-0.000538516
-0.000222592
-0.000222792
-0.000330384
0.0005209
0.000594031
0.000594797
-0.000123415
-0.000284615
-0.000172535
-0.000172487
-0.000477509
0.00039678
0.000437944
0.000438708
-0.000423213
-0.000221424
4.14095e-05
4.13958e-05
-0.000182537
0.000405756
0.000422983
0.000423666
0.000102424
0.000136859
-3.82133e-05
-3.81746e-05
-0.000162915
-8.30189e-05
-3.80659e-05
-3.80384e-05
-0.000127911
8.22221e-05
2.17603e-05
2.19785e-05
-9.22584e-05
-5.05122e-05
-2.79038e-05
-2.79364e-05
-0.000316741
9.45047e-05
0.000257974
0.000258572
-9.14456e-05
0.00029436
6.26136e-05
6.33585e-05
-0.000129835
0.000115922
8.81759e-05
8.83241e-05
0.000239801
0.00012447
-0.000128136
-0.000128054
-0.000124343
-5.70722e-06
6.76256e-06
6.82747e-06
0.000123039
0.000140925
-1.47078e-05
-1.46777e-05
-8.1776e-05
0.000122645
0.000141887
0.000142096
-0.000115882
-6.88693e-05
-4.72241e-05
-4.72278e-05
-0.000116164
0.000232731
0.000241237
0.000241601
2.00231e-05
-0.000288079
-0.000216725
-0.000216781
-0.000227336
0.000177594
0.000253061
0.000253565
7.38458e-05
0.000381163
0.000150753
0.000151529
-0.00148989
-0.000896439
-0.000145666
-0.000145572
-0.00080908
0.00296322
0.00286032
0.00286487
-0.000615071
0.000338254
0.000525132
0.000526282
0.000310933
0.000412309
-0.000474452
-0.000472453
0.000219073
0.000476741
-8.01828e-05
-8.02133e-05
0.000136801
0.000116934
-3.08333e-05
-3.07352e-05
9.17864e-05
0.000107499
-2.26988e-05
-2.26992e-05
-7.62496e-05
6.04057e-05
4.94423e-05
4.95743e-05
-6.63489e-05
-4.35376e-05
-2.81582e-05
-2.81472e-05
-0.000592122
-8.19022e-05
0.000224918
0.000225451
-0.000454568
0.000754598
0.000743382
0.00074482
-4.31223e-05
3.10555e-05
4.01858e-05
4.02474e-05
-0.000296953
0.00034623
0.000537743
0.000538391
5.54744e-05
0.000329893
0.000149025
0.000149169
-0.000100948
3.37885e-06
6.6637e-06
6.66956e-06
-2.77709e-05
0.000149135
9.27062e-05
9.28686e-05
-0.000122127
-0.000184911
-0.00010474
-0.000104696
-0.000176046
3.40544e-05
8.81143e-05
8.84917e-05
8.17853e-05
0.000887814
0.00069628
0.000697164
0.000298148
0.000146104
-0.000169135
-0.000169303
-0.269067
-0.269734
-0.272364
-0.27289
1.08406
0.660009
-0.49168
-0.489281
-0.488174
0.809126
0.931001
-0.221817
-0.217086
-0.215456
-0.276641
0.930997
-0.221821
-0.217091
-0.215443
-0.276642
-0.146096
0.0058574
0.0767387
0.0452358
-0.734332
0.42238
0.421383
0.420941
-0.530372
