CLASSIFICATION
3
270
4
5
sigmoid
softmax
1.39919e-06
2.51505e-08
-1.40605e-06
2.44863e-05
6.41322e-05
-1.57756e-05
-6.41656e-05
1.70482e-05
0.00442946
0.00183586
-0.00443112
-0.00251433
1.73373e-05
-1.24746e-06
-1.73406e-05
1.24301e-06
6.32838e-05
-4.09876e-06
-6.33007e-05
-8.89589e-06
0.00136647
-0.00232423
-0.00136711
0.00149607
-2.44462e-05
7.33219e-06
2.44534e-05
2.49274e-05
0.000396007
-0.00066404
-0.000396139
0.000438496
3.28319e-05
1.53796e-06
-3.2845e-05
-5.07204e-06
1.69731e-05
-1.86856e-06
-1.69798e-05
2.19829e-06
2.80991e-05
-5.19327e-06
-2.81115e-05
3.64306e-06
4.86617e-05
-0.000831673
-4.88382e-05
0.0013793
0.000996526
-0.000446231
-0.000998335
0.00202978
0.000574843
-0.00147561
-0.000575402
0.00240405
0.000279387
-0.000313989
-0.000279605
0.000418495
0.00594719
-0.0120808
-0.00595482
0.0180667
0.0102819
0.00667201
-0.0102893
-0.00843558
-5.36635e-05
-3.35969e-05
5.36272e-05
0.000238783
0.000183517
-0.000163277
-0.000183605
0.00019761
4.33873e-06
-1.16971e-05
-4.35165e-06
5.52768e-05
6.14905e-05
-1.69978e-05
-6.15202e-05
1.77895e-05
-4.78735e-05
-4.20891e-06
4.7873e-05
9.21084e-05
-5.23282e-07
-4.03719e-06
5.14058e-07
4.38598e-05
3.02778e-05
-3.45746e-06
-3.02964e-05
2.52195e-05
3.78847e-05
5.34748e-07
-3.78983e-05
-7.12451e-07
1.15763e-05
9.99629e-06
-1.15897e-05
3.85947e-05
-0.000135099
-1.2051e-06
0.000135119
0.000162091
-0.000175368
-0.00035587
0.000175369
0.000612956
0.00450248
-0.00512763
-0.00450531
0.00336241
0.0552459
-0.0921155
-0.0552902
0.0816208
0.0085421
-0.0132228
-0.00854536
0.0101251
-0.000116352
0.0015019
0.000116354
-0.000828797
-0.00525124
0.010338
0.00525116
-0.00117237
-8.32879e-05
9.38854e-05
8.32841e-05
4.37617e-05
4.63302e-05
0.000301595
-4.63947e-05
-0.000229587
9.36075e-05
5.69945e-05
-9.36421e-05
-9.52117e-05
3.23894e-05
-3.34948e-05
-3.24338e-05
0.000126465
7.33867e-05
2.16855e-05
-7.34206e-05
-6.13154e-05
-8.1594e-05
6.88804e-05
8.15778e-05
0.000103025
-2.55102e-05
-0.000327244
2.54422e-05
0.000442877
0.000116128
1.97996e-06
-0.000116176
-8.07588e-06
0.00025765
6.90949e-05
-0.00025781
3.33682e-05
0.000155355
0.00033634
-0.000155423
-0.000497052
0.00128073
-0.000237821
-0.00128139
-0.00069884
0.000164526
-0.000308788
-0.000164642
0.000321218
0.000557219
-0.000335969
-0.000557608
0.000259916
4.11307e-05
1.40585e-05
-4.11522e-05
1.97025e-05
0.00011337
1.76912e-05
-0.000113414
-2.10039e-05
-2.04069e-05
-2.4819e-06
2.03945e-05
8.31847e-05
0.000171413
2.80924e-05
-0.000171487
-6.16911e-05
7.56376e-05
6.83961e-06
-7.56718e-05
1.94878e-05
-1.73443e-05
8.10561e-05
1.73166e-05
0.000104618
0.00010695
-1.03899e-05
-0.000107004
-6.46625e-05
0.000365794
0.000316175
-0.000365895
-0.000429869
0.00026378
-0.000518206
-0.000263904
0.000410745
0.00049744
-0.00233783
-0.000497904
0.0023922
-8.92918e-06
0.0024984
8.84813e-06
-0.00277834
-0.00320015
0.0176189
0.00320061
-0.0164814
-0.00046485
0.000887426
0.000464999
-0.000356546
-0.000186087
0.00220596
0.000186247
-0.00244247
-0.000121931
4.6168e-05
0.000121953
0.000110339
-0.000384133
0.000152324
0.000384158
0.000454524
-0.00720993
0.00208056
0.0072113
0.00629865
-0.060293
0.0155342
0.0603055
0.0521283
-0.00322014
0.000582819
0.00322066
0.00340583
-0.000852403
-0.000595254
0.000852457
0.0018024
7.04162e-08
-0.000176849
-1.42795e-07
0.00039746
-0.000102698
-7.94235e-05
0.000102654
0.000432052
1.22689e-05
-0.000330294
-1.2292e-05
0.000399037
-8.97113e-05
-0.000765879
8.96164e-05
0.00121115
-0.000261743
0.00278883
0.000261762
-0.00250656
-0.00840915
0.0197783
0.0084107
-0.0122828
-0.000542639
0.00119542
0.000542724
-0.000595383
-0.000120962
-1.38611e-05
0.000120968
0.000250863
3.08396e-05
6.83265e-06
-3.08588e-05
2.92083e-05
-0.000415338
9.23487e-05
0.000415418
0.000423678
-0.012673
0.00360896
0.0126756
0.0108321
-0.067833
0.0186553
0.067847
0.0584656
-0.0217595
0.00532891
0.0217638
0.019767
-0.00537046
0.0014405
0.00537154
0.00464935
-0.000410468
0.000160595
0.000410525
0.000388981
-0.000114164
0.000534769
0.000114164
-0.000416545
-8.4287e-05
-0.000149892
8.42478e-05
0.000388263
0.000163339
0.000296734
-0.000163385
-0.000453766
0.00129091
0.00214636
-0.00129123
-0.00335946
0.00195734
0.00876907
-0.0019582
-0.00940836
-0.000206918
0.000162626
0.000206892
0.000338679
-8.58798e-05
0.000181043
8.58359e-05
3.95e-05
0.00184901
0.00165064
-0.00185048
-0.00145039
0.0025813
-0.00197371
-0.00258482
0.00531872
-0.00956086
0.00308109
0.00956257
0.00842235
-0.0478218
0.0132336
0.0478315
0.0413227
-0.012028
0.00258917
0.0120304
0.0110125
-0.006327
0.00127284
0.00632822
0.00590898
-0.000742048
-0.000275563
0.000742128
0.00135977
-0.00014492
-0.000104905
0.000144887
0.000472974
-0.000218037
-5.46371e-05
0.000218013
0.000422293
-0.000633189
0.000508002
0.000633282
0.000238367
-0.000148382
0.000144854
0.000148342
0.000243354
-0.00152933
5.91451e-05
0.00152947
0.00182865
-0.000196235
-3.9079e-05
0.000196204
0.00033771
-0.000110122
-0.000371498
0.000110062
0.000669271
-0.000205406
2.11588e-05
0.000205426
0.000271774
-0.00182937
0.000612075
0.00182973
0.00125935
-0.00623494
0.000781754
0.00623616
0.00626717
-0.0257114
0.00585207
0.0257162
0.0235421
-0.0128919
0.00286235
0.0128936
0.0132089
-0.00482891
0.00085977
0.00482975
0.00473077
-0.00102458
0.00047928
0.00102468
0.000879755
-0.000273021
0.000663932
0.000273056
-0.000301482
-0.000741838
-0.00027454
0.000741991
0.00126722
0.00028026
0.000780157
-0.000280385
-0.000603934
0.0146608
0.0335862
-0.0146626
-0.0467027
0.0206066
0.102964
-0.0206091
-0.109891
0.00208365
0.00871219
-0.00208404
-0.00936671
2.39331e-05
0.000995179
-2.39647e-05
-0.000816225
-7.32792e-05
0.000655173
7.32084e-05
-0.000389541
-0.00105801
-0.000643199
0.00105802
0.00221498
-0.00156677
0.00111988
0.00156693
0.00104403
-0.0080775
0.00245272
0.00807904
0.0064422
-0.00393247
0.00134399
0.00393296
0.00352851
-0.00458309
0.000831333
0.00458347
0.00552613
-0.00128668
0.000904048
0.00128679
0.000800582
-0.00064778
0.000344946
0.000647816
0.000639324
-0.000242547
-5.56763e-06
0.000242523
0.000503961
0.000322018
0.000432281
-0.000322785
0.0008946
0.000148398
0.00154018
-0.000149564
0.00105211
-0.000701459
-0.00200382
0.000700338
0.00545629
0.000123074
0.000147192
-0.000123281
9.75031e-05
-0.000461366
0.000321174
0.000461428
0.00016541
-0.00102395
-0.000424382
0.00102406
0.00177218
-0.00228596
9.39823e-05
0.00228631
0.00266987
-0.00130834
-0.000222673
0.00130844
0.00197345
-0.00226062
0.000664883
0.00226092
0.00224296
-0.000997388
0.000671253
0.000997453
0.000633342
-0.00102125
0.000813173
0.00102132
0.000565364
-0.00120842
-0.000463948
0.00120858
0.00182963
-0.000539673
-0.000686188
0.000539716
0.00144248
0.000301621
8.65373e-05
-0.000301779
-0.00013191
6.7683e-05
0.000657189
-6.78371e-05
-0.000239484
0.0110069
0.0154693
-0.0110088
-0.0233714
-0.00510803
0.0460343
0.00510794
-0.0232903
-0.000924899
0.00505515
0.000924841
-0.00222611
-0.000285399
0.00140871
0.000285451
-0.00107365
8.85464e-05
0.000152817
-8.86146e-05
-7.40798e-05
-0.000404519
0.000239969
0.000404558
0.000356846
-0.000220519
0.000162538
0.000220557
7.61858e-05
-7.15849e-05
0.000386779
7.15905e-05
-0.000382246
-6.19721e-05
-0.000511234
6.19432e-05
0.000650189
-0.000227014
-0.00061877
0.000226934
0.00119652
0.000191147
-0.0001492
-0.000191345
0.000285407
-0.000350496
-0.000926351
0.000350423
0.00182257
0.000226003
-9.29467e-05
-0.000226099
0.000141341
9.61509e-05
-0.00036974
-9.63571e-05
0.000679306
0.000544898
-0.000315178
-0.000545084
8.90774e-05
-0.000201161
0.000152431
0.000201075
0.000505956
0.000124692
-0.000366025
-0.000124767
0.000408497
-0.000178158
0.000358011
0.000178176
-0.000157387
5.48136e-05
-0.000224233
-5.48645e-05
0.00029841
0.000335222
5.16834e-05
-0.000335375
-3.09309e-05
-7.10861e-05
-0.000599359
7.09992e-05
0.000965444
-0.000123416
-1.95695e-06
0.000123395
0.000238339
-9.88893e-05
-0.000144122
9.88402e-05
0.000305571
1.59351e-05
0.000374736
-1.59482e-05
-0.00034702
-0.000202504
-0.000132902
0.00020251
0.000522067
-2.65732e-05
6.74173e-05
2.65225e-05
0.00015902
0.000333072
-0.000710648
-0.000333221
0.000443338
0.000200155
-0.000676688
-0.000200276
0.000690973
0.00156796
-0.000908982
-0.00156856
0.000331572
-0.000362884
0.00205196
0.000361972
0.00278463
0.00035388
-0.000402313
-0.000354105
0.000611768
-4.67197e-05
0.000281465
4.6706e-05
-0.000308379
-1.40234e-05
-1.92367e-05
1.40079e-05
0.000104322
-3.87579e-05
-9.61951e-05
3.87329e-05
0.000239949
-0.000181546
-0.000134617
0.000181526
0.000392244
1.19111e-05
-0.00036726
-1.20255e-05
0.000574532
-0.000185835
-2.77968e-05
0.000185862
0.000231464
-1.40108e-05
-0.000311848
1.40017e-05
0.000394252
0.000360756
0.000115384
-0.000360928
-0.00024541
0.000873541
-0.000741146
-0.000873939
0.000828189
0.00167369
-0.00222058
-0.00167468
0.00234561
0.0116505
-0.00498193
-0.0116542
-0.00323768
-0.00160949
-0.00374844
0.00160807
0.0128268
-0.000931199
0.0027596
0.000931143
-0.001158
0.000682125
-0.00252028
-0.000682449
0.00289802
2.37412e-05
0.000102509
-2.37548e-05
-4.33623e-05
0.000217665
0.000155966
-0.000217729
-0.000284287
-2.39103e-05
-0.000330171
2.384e-05
0.000622304
7.06768e-05
-0.000216852
-7.07294e-05
0.000327734
0.000336035
-0.000228128
-0.000336226
0.000326215
-0.000244145
-0.000145732
0.00024402
0.000704973
-0.00016408
-0.000489219
0.000164035
0.000921557
0.000179723
-0.000124131
-0.00017979
4.00479e-05
-6.32449e-05
0.000356042
6.32296e-05
-0.000114616
0.000416071
-0.000152806
-0.000416229
-9.84838e-05
0.000300857
9.66149e-05
-0.000301014
-0.000179377
0.000308882
0.000143091
-0.00030898
-0.000298307
0.000811758
-0.000336286
-0.000812066
-4.58662e-05
0.000448289
-0.000354967
-0.000448454
0.00013542
-0.000151082
4.24638e-05
0.000151085
0.000277648
0.000519603
-0.00057475
-0.000519816
0.000507202
0.000388277
-0.000463232
-0.000388412
0.000300003
1.39519e-05
0.000201396
-1.40129e-05
-0.000118483
0.000283135
-0.000211271
-0.000283247
3.85513e-05
0.000106415
-0.000317632
-0.000106492
0.000373164
0.000135896
-0.00039191
-0.000135956
0.00033796
8.0467e-05
9.44833e-05
-8.05148e-05
-8.54063e-05
-6.01886e-05
5.94986e-05
6.01713e-05
7.22785e-05
0.000204698
-9.72828e-05
-0.000204762
5.71618e-05
-0.000273169
-0.000137687
0.000273194
0.000514743
0.000284446
0.000161356
-0.000284535
-0.000452932
-2.05303e-05
9.00024e-05
2.04487e-05
0.000126395
0.000236076
-0.000795824
-0.000236352
0.0010247
0.000121666
-0.000151323
-0.000121739
0.000156521
0.000136396
4.36155e-05
-0.000136433
-0.000195573
6.56138e-05
-0.000119195
-6.56752e-05
0.000201739
0.000170437
-4.35463e-05
-0.000170501
-5.5204e-05
2.13022e-05
1.76175e-05
-2.13276e-05
0.000112611
-3.66588e-05
-0.000222826
3.66617e-05
0.000343711
8.64919e-05
-4.94678e-05
-8.65897e-05
0.000220411
0.000514637
-0.000292908
-0.000514877
0.000115848
-0.000104168
-0.000358134
0.000104148
0.000594563
1.39258e-05
0.000158456
-1.39881e-05
-7.62372e-05
0.000222678
-0.000195272
-0.000222808
0.00026998
0.000701921
-0.000763739
-0.000702213
0.000329393
0.000801369
0.000265468
-0.00080194
8.96332e-05
9.88032e-05
0.000503116
-9.89192e-05
-0.000320011
8.66288e-05
0.000294236
-8.66703e-05
-0.00036398
0.00039464
0.000282255
-0.000394798
-0.000568269
0.00032001
-0.000649312
-0.000320122
0.00056843
0.000113933
0.00019204
-0.000113966
-0.00029206
0.000463887
-0.000471798
-0.000464119
0.000431641
0.000409908
-1.75357e-05
-0.000410064
-0.000227343
0.000177574
-0.000469361
-0.000177634
0.000443659
-9.64939e-05
4.27424e-05
9.64913e-05
0.000127935
0.000155093
4.63659e-05
-0.000155153
-8.62093e-05
0.000129632
-5.71048e-06
-0.000129733
7.0835e-05
8.34802e-05
2.51727e-05
-8.3483e-05
-4.52985e-05
0.000305255
-0.000279377
-0.000305389
0.000117968
9.75617e-05
-5.83956e-05
-9.76903e-05
0.000290917
0.00012608
-9.39182e-05
-0.000126167
0.000120402
-0.000225011
0.000135447
0.000225062
0.000112182
0.000119839
-5.07686e-06
-0.000119894
-4.38693e-06
-0.000114111
1.67446e-05
0.00011412
0.000133854
7.77061e-05
-0.000158661
-7.7735e-05
0.000135803
0.000107571
5.00883e-05
-0.000107618
-6.902e-05
0.000112876
-0.000267181
-0.000112912
0.000254592
-1.83963e-05
0.000248649
1.84042e-05
-0.000309439
0.000227279
-0.000263099
-0.000227408
0.000189014
-5.93182e-05
-0.000163212
5.92863e-05
0.000387374
0.00147461
0.000344543
-0.00147534
-0.00100065
0.00080987
-0.0031598
-0.000810316
0.00319392
0.00059383
-0.000573949
-0.000594129
0.000388734
-0.000264363
0.00055866
0.000264139
0.000333467
-0.000200527
9.20884e-05
0.000200491
0.000450443
-0.000127364
3.436e-05
0.000127382
0.000109989
-8.40938e-05
2.98788e-05
8.40914e-05
9.69867e-05
7.34706e-05
-5.37452e-05
-7.35116e-05
6.41118e-05
6.17555e-05
3.14928e-05
-6.17771e-05
-4.47715e-05
0.000583505
-0.000188503
-0.000583769
-8.93224e-05
0.000452604
-0.000797374
-0.000452843
0.000804433
4.26918e-05
-3.98197e-05
-4.27049e-05
3.25691e-05
0.000290424
-0.000590853
-0.000290563
0.000391763
-4.44868e-05
-0.000156704
4.44483e-05
0.000330056
9.44465e-05
-7.37264e-06
-9.44871e-05
5.17789e-06
2.76886e-05
-0.000103756
-2.77189e-05
0.000155752
0.000118707
0.000130736
-0.000118773
-0.000200605
0.000165662
-0.000106697
-0.000165743
5.29009e-05
-6.34254e-05
-0.00077756
6.33764e-05
0.000941681
-0.000281196
0.000184494
0.00028124
0.000121422
0.279907
0.201415
0.205476
0.206197
-0.892994
-1.14237
0.292142
0.289462
0.288397
0.272367
-0.28059
-0.201539
-0.205592
-0.206313
0.894033
0.859626
-0.497375
-0.493708
-0.492151
0.623608
0.0589277
-0.105798
-0.0557863
0.0978442
0.398458
-0.0752549
-0.076996
-0.0769576
-0.169249
