CLASSIFICATION
3
270
5
5
sigmoid
softmax
-1.4018e-06
3.26808e-07
3.60265e-07
-2.41233e-05
-2.4039e-05
-6.53999e-05
1.825e-05
1.83427e-05
-1.79139e-05
-1.76364e-05
-0.00451079
-0.00134842
-0.00133495
0.00198986
0.00199952
-1.76289e-05
1.3902e-06
1.42818e-06
-6.60374e-07
-5.76242e-07
-6.43963e-05
5.73274e-06
5.87415e-06
9.35124e-06
9.30683e-06
-0.0013927
0.0020733
0.00207863
-0.00121083
-0.00120098
2.49588e-05
-7.46509e-06
-7.51097e-06
-2.42365e-05
-2.42387e-05
-0.000402058
0.000581482
0.000583609
-0.000338875
-0.000335496
-3.35487e-05
-3.82646e-07
-3.96391e-07
3.77665e-06
3.80885e-06
-1.73221e-05
2.11968e-06
2.13195e-06
-2.2091e-06
-2.14842e-06
-2.86624e-05
6.01767e-06
6.04019e-06
-3.85067e-06
-3.79875e-06
-4.66926e-05
0.00074437
0.0007494
-0.0012718
-0.00126705
-0.00100831
0.000697503
0.000714172
-0.00216621
-0.00213552
-0.000578768
0.00129926
0.00130694
-0.00215761
-0.00215069
-0.000285277
0.000305048
0.000306061
-0.000398958
-0.000396297
-0.00606833
0.011345
0.0114063
-0.0168077
-0.0166679
-0.0104639
-0.00469978
-0.00464018
0.00688109
0.00699337
5.43344e-05
3.78563e-05
3.77069e-05
-0.000235534
-0.000234833
-0.000187024
0.000171098
0.000172263
-0.000195253
-0.000193832
-4.39365e-06
1.22502e-05
1.23315e-05
-5.38281e-05
-5.36326e-05
-6.28949e-05
1.78237e-05
1.78487e-05
-1.85072e-05
-1.82638e-05
4.88104e-05
3.70692e-06
3.6658e-06
-8.9836e-05
-8.97147e-05
3.78591e-07
3.26968e-06
3.23487e-06
-4.30648e-05
-4.29064e-05
-3.11511e-05
2.36407e-06
2.31836e-06
-2.51407e-05
-2.49628e-05
-3.88429e-05
-8.19021e-07
-8.68871e-07
3.6741e-07
4.54052e-07
-1.17467e-05
-7.19243e-06
-7.21716e-06
-3.96918e-05
-3.9553e-05
0.000137928
-4.57885e-07
-5.29091e-07
-0.000156835
-0.000156741
0.00017898
0.000293095
0.000293619
-0.000539666
-0.000538265
-0.00459087
0.00472576
0.00474828
-0.00286678
-0.00282123
-0.0563058
0.0836691
0.0841173
-0.0711139
-0.0701894
-0.00872175
0.0117845
0.0118188
-0.00842432
-0.00834988
0.000121969
-0.00130915
-0.00130688
0.0006644
0.000667746
0.00537387
-0.0087723
-0.0087543
-0.000156439
-0.000126096
8.52846e-05
-7.8852e-05
-7.88523e-05
-5.55343e-05
-5.55059e-05
-4.74011e-05
-0.000225517
-0.000225906
0.000148927
0.000148478
-9.57574e-05
-4.81669e-05
-4.81818e-05
8.58028e-05
8.5866e-05
-3.30574e-05
3.75625e-05
3.77402e-05
-0.000126085
-0.000125568
-7.50574e-05
-1.37289e-05
-1.38999e-05
5.30301e-05
5.27769e-05
8.3273e-05
-5.23426e-05
-5.22869e-05
-0.00011749
-0.000117403
2.61776e-05
0.000306821
0.000307591
-0.000417663
-0.000415659
-0.00011869
3.6755e-07
3.56191e-07
5.99326e-06
6.19258e-06
-0.000263477
-3.86536e-05
-3.83583e-05
-6.14561e-05
-6.08327e-05
-0.00015775
-0.000268072
-0.000268258
0.000426149
0.000425425
-0.00130592
0.000276211
0.000281744
0.000662007
0.000672803
-0.000167839
0.000263938
0.000264929
-0.000270313
-0.000268
-0.000566763
0.000338388
0.000342736
-0.000237366
-0.000229358
-4.22082e-05
-1.49436e-05
-1.49134e-05
-1.97932e-05
-1.96631e-05
-0.000116401
-1.91062e-05
-1.9211e-05
1.97842e-05
1.97947e-05
2.08413e-05
3.74937e-06
3.73386e-06
-8.18864e-05
-8.1769e-05
-0.000174937
-1.44174e-05
-1.42772e-05
4.93593e-05
4.93029e-05
-7.71799e-05
-6.2011e-06
-5.88826e-06
-1.99811e-05
-1.97323e-05
1.78301e-05
-7.29222e-05
-7.25768e-05
-0.000110936
-0.000110844
-0.000109138
2.22005e-05
2.22569e-05
4.97877e-05
4.99905e-05
-0.00037277
-0.000267566
-0.000267004
0.000381542
0.000382193
-0.00026946
0.000441661
0.000443137
-0.000331059
-0.000328716
-0.000508134
0.00205776
0.00206382
-0.00208718
-0.00207661
1.37573e-05
-0.00205708
-0.00205827
0.00230527
0.00230213
0.00329639
-0.014942
-0.0149432
0.0137415
0.0137383
0.000476812
-0.000761579
-0.000762485
0.000238271
0.000237381
0.000193955
-0.00188496
-0.00188488
0.00210132
0.00209849
0.000124281
-4.51776e-05
-4.54122e-05
-0.000111171
-0.000111294
0.000392669
-0.000120147
-0.000119669
-0.000474606
-0.000473866
0.00734831
-0.00224394
-0.00223763
-0.00616004
-0.00615707
0.0614722
-0.016904
-0.0168576
-0.0508045
-0.0507902
0.00328133
-0.000700804
-0.000697241
-0.0032922
-0.00328883
0.000868549
0.000467941
0.000469729
-0.00165762
-0.00165338
3.75686e-07
0.000168382
0.000169004
-0.000373289
-0.000371591
0.000104545
7.38491e-05
7.45212e-05
-0.000423662
-0.000421861
-1.2538e-05
0.000271514
0.000272521
-0.000341341
-0.00033927
9.06192e-05
0.000632317
0.000634056
-0.00105997
-0.00105515
0.000271535
-0.00237857
-0.00237955
0.00209169
0.00209136
0.00860424
-0.0169893
-0.0169981
0.00950293
0.00949593
0.000554922
-0.00103684
-0.00103761
0.000449617
0.000449353
0.000123433
1.1645e-05
1.14574e-05
-0.000240648
-0.000240278
-3.1666e-05
-8.36015e-06
-8.46831e-06
-2.72253e-05
-2.72785e-05
0.000423004
-0.000106984
-0.000106961
-0.000409613
-0.000409325
0.0129159
-0.00393755
-0.00392787
-0.0105616
-0.0105587
0.0691509
-0.0202823
-0.0202226
-0.0569866
-0.0569692
0.0221771
-0.00600382
-0.00598367
-0.0191585
-0.0191468
0.00547274
-0.00156964
-0.00156665
-0.00453552
-0.00453438
0.000417873
-0.000161178
-0.000161174
-0.000389582
-0.000389487
0.000117377
-0.000431887
-0.000431879
0.000312693
0.000312425
8.58438e-05
0.000131216
0.000131895
-0.000364103
-0.00036251
-0.00016623
-0.000249629
-0.000249001
0.000397544
0.000398497
-0.00131369
-0.00177553
-0.00177628
0.00296016
0.00295913
-0.00198455
-0.00742529
-0.00742489
0.00805847
0.00806314
0.000211721
-0.000166476
-0.000165841
-0.000314546
-0.000312503
8.77386e-05
-0.000138724
-0.000139
-7.95464e-05
-7.96815e-05
-0.00188673
-0.0010382
-0.0010348
0.000881964
0.000888263
-0.00263024
0.00239574
0.00242573
-0.00549612
-0.00544234
0.00974219
-0.00324685
-0.00323859
-0.00829441
-0.00828966
0.0487388
-0.0145033
-0.0144636
-0.0402423
-0.0402284
0.0122589
-0.00297315
-0.00296382
-0.0106586
-0.0106534
0.00644557
-0.00149131
-0.00148697
-0.00571466
-0.00571068
0.000753553
0.000154222
0.000155617
-0.00124868
-0.00124564
0.000148387
8.01617e-05
8.11011e-05
-0.000442534
-0.000441039
0.000221661
5.13895e-05
5.12002e-05
-0.000415144
-0.000413996
0.00064539
-0.000451959
-0.000451146
-0.000298949
-0.000298026
0.000151008
-0.000120596
-0.000120422
-0.000259325
-0.000258377
0.00155971
-9.44751e-05
-9.31312e-05
-0.00177048
-0.00176586
0.000200283
4.49364e-05
4.51797e-05
-0.000335846
-0.000334712
0.000113451
0.000332854
0.000334486
-0.0006163
-0.000613647
0.000209259
-2.46095e-05
-2.44843e-05
-0.000266846
-0.000266375
0.001866
-0.000598683
-0.000598254
-0.00126661
-0.00126646
0.00635408
-0.00106318
-0.00105877
-0.00599293
-0.00598842
0.0262101
-0.00641917
-0.00639675
-0.0229724
-0.0229529
0.0131387
-0.00311489
-0.00309636
-0.0128919
-0.0128653
0.00491829
-0.00104971
-0.00104588
-0.00455775
-0.00455143
0.00104321
-0.000437356
-0.00043695
-0.000926809
-0.000925727
0.000278866
-0.00056278
-0.000562517
0.000193468
0.000192949
0.000756009
0.000184073
0.000185553
-0.00117196
-0.00116801
-0.000286613
-0.000669215
-0.000670548
0.000490657
0.000488399
-0.0148729
-0.0288742
-0.0288827
0.0419515
0.0419301
-0.0207958
-0.08988
-0.089886
0.0974211
0.0974239
-0.00210647
-0.00762332
-0.00762203
0.00834272
0.00834709
-2.1795e-05
-0.000855723
-0.000855328
0.000681134
0.00068145
7.49217e-05
-0.000572275
-0.000571343
0.000302987
0.000302898
0.00108011
0.000516468
0.000519446
-0.00206151
-0.00205635
0.00159478
-0.00109556
-0.00109036
-0.0010984
-0.00109247
0.00823486
-0.00250827
-0.0025034
-0.00639581
-0.0063929
0.00400884
-0.00130059
-0.0012957
-0.00355377
-0.00354688
0.0046702
-0.000888365
-0.000881014
-0.00542215
-0.0054088
0.00131096
-0.000814386
-0.000813074
-0.000891692
-0.00088937
0.000660685
-0.000319513
-0.000319087
-0.000664156
-0.000663803
0.000246718
5.6501e-06
5.76496e-06
-0.000500158
-0.000499071
-0.000326292
-0.00022883
-0.000222726
-0.00105031
-0.00103945
-0.000149225
-0.00115058
-0.00113834
-0.00138088
-0.00135881
0.000712461
0.00178061
0.00179361
-0.00516246
-0.00513384
-0.000126097
-0.000116023
-0.000114246
-0.000121711
-0.000116832
0.000471112
-0.000293267
-0.000292689
-0.000183871
-0.00018249
0.00104407
0.00031146
0.000313183
-0.0016417
-0.00163832
0.00233105
-0.000194463
-0.000192744
-0.00255046
-0.00254715
0.00133329
0.000142212
0.000143386
-0.00187365
-0.00187008
0.00230322
-0.000680166
-0.000678318
-0.00222678
-0.00222409
0.0010179
-0.00058235
-0.000581187
-0.000715011
-0.000713906
0.00104152
-0.000713881
-0.000713333
-0.000662805
-0.000662243
0.00123443
0.000349382
0.000351994
-0.00168695
-0.00168261
0.0005508
0.000563001
0.000565847
-0.00130045
-0.00129489
-0.00030704
-7.17847e-05
-7.05509e-05
0.00012397
0.000125755
-6.87267e-05
-0.000606961
-0.000605637
0.000204361
0.00020811
-0.0111512
-0.0139462
-0.0139197
0.0220872
0.0221296
0.00538026
-0.0427486
-0.0426657
0.021377
0.0215459
0.000961527
-0.0046846
-0.00467687
0.00201002
0.00202618
0.000292883
-0.00123712
-0.00123847
0.000900553
0.000897512
-9.06945e-05
-0.000127383
-0.000127291
4.64253e-05
4.64857e-05
0.000413023
-0.000227133
-0.000226369
-0.000363765
-0.00036347
0.000225268
-0.000136447
-0.000136749
-0.000101289
-0.000101818
7.23411e-05
-0.000340062
-0.000340166
0.00032038
0.000320036
6.28755e-05
0.000426904
0.000427933
-0.000563031
-0.00056059
0.000231139
0.000528077
0.000530105
-0.00108716
-0.00108239
-0.000194733
0.000126898
0.000128889
-0.000260825
-0.000258281
0.00035668
0.000772531
0.000776265
-0.0016413
-0.00163494
-0.000230455
9.6818e-05
9.81021e-05
-0.000134467
-0.000133055
-9.8298e-05
0.000380278
0.000381779
-0.000671115
-0.000667753
-0.000555883
0.000286269
0.000287105
-4.83828e-05
-4.64994e-05
0.000205342
-0.000124037
-0.00012379
-0.000519681
-0.000517985
-0.000127689
0.000303189
0.000304175
-0.00034465
-0.000342661
0.000182754
-0.000293164
-0.000293556
9.88099e-05
9.78378e-05
-5.63353e-05
0.000185703
0.000186078
-0.000256622
-0.000255457
-0.00034206
-3.68581e-05
-3.61551e-05
1.42249e-05
1.58251e-05
7.30937e-05
0.000518213
0.00051972
-0.000861731
-0.000858567
0.000126151
8.0559e-06
8.30659e-06
-0.000237944
-0.000237595
0.000100582
0.000127486
0.000128114
-0.000281653
-0.00027998
-1.60017e-05
-0.000327252
-0.000327156
0.000301946
0.000301607
0.000207106
0.000115671
0.000116232
-0.000491036
-0.000489959
2.68168e-05
-5.50789e-05
-5.49968e-05
-0.0001669
-0.000167167
-0.000341066
0.000617522
0.00061869
-0.000353438
-0.000350063
-0.0002043
0.000570605
0.000572483
-0.000575658
-0.000572424
-0.00159272
0.000685734
0.000694757
-4.54937e-05
-2.93969e-05
0.00037886
-0.00223896
-0.00221938
-0.00236693
-0.00233036
-0.000360952
0.000293444
0.000296595
-0.000487991
-0.000481215
4.86076e-05
-0.000217958
-0.000217655
0.000240566
0.000240878
1.44916e-05
1.92558e-05
1.9674e-05
-0.000100038
-9.93645e-05
3.91279e-05
7.50921e-05
7.52678e-05
-0.000217307
-0.00021661
0.000185466
0.000107433
0.000108088
-0.000356205
-0.000354861
-1.29439e-05
0.000307684
0.000309059
-0.000513239
-0.000510648
0.000189774
8.28088e-06
8.68538e-06
-0.000208137
-0.00020737
1.53795e-05
0.00025559
0.000256701
-0.000329986
-0.000328393
-0.000369348
-6.54552e-05
-6.56601e-05
0.00019018
0.000190516
-0.000891104
0.000772891
0.000777852
-0.000810505
-0.000804243
-0.00170875
0.00216197
0.0021709
-0.00220292
-0.00218875
-0.0118418
0.00449023
0.00454215
0.00367085
0.00372086
0.00170552
0.00313926
0.00320361
-0.0120069
-0.0119539
0.000963183
-0.00232662
-0.00231732
0.000730504
0.000735691
-0.000694425
0.00208039
0.0020891
-0.00242195
-0.00240766
-2.31073e-05
-6.84024e-05
-6.79861e-05
1.30663e-05
1.3963e-05
-0.000221431
-0.000128149
-0.000127923
0.000261817
0.000261493
2.4596e-05
0.000280902
0.000282124
-0.000559388
-0.0005569
-7.25051e-05
0.000169871
0.000170371
-0.000278327
-0.000276774
-0.000343481
0.0001979
0.000199162
-0.000293132
-0.000290718
0.000248831
0.000119979
0.000122282
-0.000662613
-0.000657298
0.000167493
0.000419154
0.000420042
-0.00083019
-0.000827109
-0.000182701
0.000103843
0.000104782
-1.89491e-05
-1.77916e-05
6.58574e-05
-0.000278637
-0.00027898
4.34196e-05
4.27649e-05
-0.000424422
0.000156121
0.000157006
9.00629e-05
9.07906e-05
-0.000308992
-5.5973e-05
-5.60211e-05
0.000128949
0.000128652
-0.000314372
-7.90554e-05
-7.83439e-05
0.000233097
0.00023335
-0.000828198
0.000300164
0.000302325
8.98838e-05
9.37461e-05
-0.000457121
0.000303981
0.000305415
-7.92457e-05
-7.74097e-05
0.000154471
-3.3964e-05
-3.37727e-05
-0.000275866
-0.000275294
-0.000529655
0.000516231
0.000517771
-0.000427931
-0.000424753
-0.00039556
0.000414984
0.00041599
-0.000239938
-0.000238154
-1.41793e-05
-0.000159021
-0.000159162
7.85214e-05
7.84151e-05
-0.000289677
0.000185059
0.00018556
-1.89418e-05
-1.78277e-05
-0.000109167
0.000265563
0.000266376
-0.000314848
-0.000313401
-0.000139493
0.000336387
0.000337244
-0.00028551
-0.000283451
-8.21226e-05
-7.3307e-05
-7.36099e-05
6.3365e-05
6.30479e-05
6.16792e-05
-4.13407e-05
-4.13785e-05
-8.60968e-05
-8.60015e-05
-0.000208573
7.79221e-05
7.84027e-05
-3.41692e-05
-3.33953e-05
0.000278963
0.000121918
0.000122501
-0.000491543
-0.000490138
-0.00028949
-0.000105652
-0.000105464
0.000391623
0.00039186
2.05213e-05
-5.5784e-05
-5.56742e-05
-0.000162215
-0.000161203
-0.00024156
0.000723326
0.000725532
-0.000932065
-0.000927718
-0.000123411
0.000144701
0.000145407
-0.000149601
-0.000148815
-0.000139536
-4.31455e-05
-4.25297e-05
0.000189456
0.000190611
-6.72265e-05
0.000104688
0.000104984
-0.000181122
-0.000180508
-0.000173769
6.07818e-05
6.1197e-05
4.10683e-05
4.19646e-05
-2.09497e-05
-4.44085e-06
-4.44552e-06
-0.000115711
-0.000115452
3.73528e-05
0.000181806
0.000182066
-0.000297671
-0.00029653
-8.86935e-05
4.65886e-05
4.66877e-05
-0.000210854
-0.000210409
-0.000525579
0.000267914
0.000269199
-8.02531e-05
-7.71158e-05
0.000106111
0.000296595
0.000297487
-0.000527486
-0.000525473
-1.40308e-05
-0.000107803
-0.000108011
2.61821e-05
2.60741e-05
-0.000227825
0.000164055
0.000164772
-0.000229216
-0.000227779
-0.00071489
0.000687826
0.0006905
-0.000241134
-0.000236104
-0.000818274
-0.000197521
-0.000193889
-0.00015686
-0.00015025
-0.000100938
-0.000413032
-0.000412754
0.000235663
0.000236113
-8.83924e-05
-0.000242733
-0.000242829
0.000310004
0.000309667
-0.000402902
-0.000187659
-0.000187892
0.000466489
0.000465359
-0.000327328
0.000561909
0.000563182
-0.000473693
-0.000470072
-0.000116632
-0.000162111
-0.000162074
0.000259165
0.000259419
-0.000473597
0.000419071
0.000420415
-0.000361215
-0.000358471
-0.000417715
5.68372e-05
5.68556e-05
0.000189312
0.000189402
-0.000181008
0.000396797
0.000397978
-0.000362858
-0.000360393
9.82266e-05
-3.69283e-05
-3.69003e-05
-0.000130304
-0.000129648
-0.000158103
-3.31285e-05
-3.30496e-05
7.36481e-05
7.36898e-05
-0.000132161
3.07002e-05
3.11388e-05
-9.07358e-05
-9.01372e-05
-8.53453e-05
-3.10638e-05
-3.11559e-05
5.12485e-05
5.11823e-05
-0.000311961
0.00024669
0.00024775
-8.70861e-05
-8.51665e-05
-9.9485e-05
6.18634e-05
6.31819e-05
-0.000283498
-0.00028097
-0.000128983
8.43713e-05
8.46419e-05
-0.000108872
-0.000108335
0.00023026
-0.000125261
-0.00012514
-0.000114483
-0.000114481
-0.000122117
7.71288e-06
7.8409e-06
4.92577e-06
5.19727e-06
0.000116599
-1.4092e-05
-1.40363e-05
-0.000132918
-0.000132828
-7.96987e-05
0.0001319
0.000132245
-0.000110539
-0.000109649
-0.000110231
-4.64409e-05
-4.6471e-05
6.39659e-05
6.40517e-05
-0.000115148
0.00022658
0.000227199
-0.000208083
-0.000206546
1.93156e-05
-0.000197646
-0.000197715
0.000254268
0.000254017
-0.000231034
0.000250184
0.000251145
-0.000169133
-0.000167607
6.12875e-05
0.000142054
0.000143408
-0.000355272
-0.000352608
-0.00150473
-3.0415e-05
-2.98023e-05
0.000687989
0.000687766
-0.000827651
0.00269181
0.00269971
-0.00267777
-0.0026626
-0.000606966
0.000497313
0.000499272
-0.000305084
-0.000300254
0.000271204
-0.000433496
-0.000429868
-0.000440219
-0.000433997
0.000205349
-7.51514e-05
-7.51744e-05
-0.000448019
-0.000447413
0.000130439
-2.88608e-05
-2.86966e-05
-0.00010897
-0.000108601
8.58309e-05
-1.92893e-05
-1.92784e-05
-0.000106348
-0.000106245
-7.499e-05
4.70689e-05
4.7307e-05
-5.53657e-05
-5.48463e-05
-6.31213e-05
-2.66362e-05
-2.66251e-05
3.92684e-05
3.94036e-05
-0.000594701
0.000247629
0.000248705
4.13249e-05
4.30123e-05
-0.00046195
0.000712413
0.000714964
-0.000698273
-0.000693884
-4.34124e-05
4.04209e-05
4.0535e-05
-3.00238e-05
-2.97573e-05
-0.000296724
0.000510278
0.000511412
-0.000309505
-0.000307304
4.54442e-05
0.000144128
0.000144366
-0.000308961
-0.000308311
-9.68513e-05
5.30682e-06
5.29783e-06
-3.32331e-06
-3.16279e-06
-2.83023e-05
8.61108e-05
8.63911e-05
-0.000135648
-0.000135027
-0.000121363
-8.9989e-05
-8.98516e-05
0.000155697
0.00015556
-0.000169953
7.60641e-05
7.66532e-05
-2.40525e-05
-2.26062e-05
6.53075e-05
0.000651833
0.000653344
-0.000798288
-0.000795323
0.00028725
-0.000161202
-0.000161476
-0.000141488
-0.000142079
-0.311124
-0.211503
-0.216103
-0.216993
0.955723
0.852529
-0.183727
-0.176836
-0.174611
-0.317356
0.852522
-0.183739
-0.17685
-0.174576
-0.317358
-0.539067
0.396318
0.393277
0.392018
-0.642546
-0.539094
0.396306
0.393278
0.392049
-0.642539
-0.0918435
0.0857927
0.0302982
0.0210046
-0.0909103
0.205742
-0.267226
-0.262698
-0.26085
0.585032
