CLASSIFICATION
3
270
5
5
sigmoid
softmax
1.3868e-06
-1.33325e-06
-1.41159e-06
1.82206e-07
-2.37782e-05
6.02916e-05
-6.01407e-05
-6.03442e-05
1.5724e-05
-1.71204e-05
0.00421444
-0.00420679
-0.00421714
-0.00176667
0.0024295
1.64606e-05
-1.64452e-05
-1.64618e-05
1.30797e-06
-1.29986e-06
6.05363e-05
-6.04507e-05
-6.05645e-05
4.53151e-06
8.18331e-06
0.00129952
-0.00129716
-0.00130051
0.00230735
-0.00151298
-2.29316e-05
2.2935e-05
2.29257e-05
-7.26984e-06
-2.3821e-05
0.000383178
-0.00038256
-0.00038346
0.000659739
-0.000443173
3.0899e-05
-3.08196e-05
-3.09242e-05
-1.51993e-06
4.90134e-06
1.59966e-05
-1.59558e-05
-1.60093e-05
1.87476e-06
-2.21674e-06
2.65744e-05
-2.65069e-05
-2.65982e-05
5.16474e-06
-3.71621e-06
6.04449e-05
-5.97772e-05
-6.10212e-05
0.000845079
-0.00136893
0.000967224
-0.00095705
-0.000972278
0.000458355
-0.00200274
0.000574944
-0.000572423
-0.000576495
0.00149497
-0.00238291
0.000263088
-0.000262045
-0.000263538
0.00031353
-0.000415518
0.00557634
-0.00553729
-0.0055939
0.0120625
-0.0178914
0.00979227
-0.00975233
-0.00980937
-0.00662764
0.00824879
-5.18709e-05
5.21552e-05
5.17255e-05
3.3779e-05
-0.000232055
0.00017532
-0.000175059
-0.000175456
0.000165553
-0.000198452
4.12817e-06
-4.0364e-06
-4.17004e-06
1.18382e-05
-5.39394e-05
5.76921e-05
-5.75348e-05
-5.77462e-05
1.7135e-05
-1.79558e-05
-4.52577e-05
4.53259e-05
4.52138e-05
4.44931e-06
-8.92065e-05
-9.99778e-07
1.0798e-06
9.68402e-07
4.31688e-06
-4.26798e-05
2.77926e-05
-2.76739e-05
-2.78306e-05
3.82444e-06
-2.47448e-05
3.5261e-05
-3.51732e-05
-3.52834e-05
-3.40762e-07
5.79236e-07
1.11339e-05
-1.10026e-05
-1.11878e-05
-9.90414e-06
-3.70739e-05
-0.000127313
0.000127324
0.000127269
1.4918e-06
-0.000156608
-0.00016467
0.000164783
0.000164543
0.00035532
-0.00060263
0.00426328
-0.00425054
-0.00426862
0.00509778
-0.00341689
0.0523734
-0.0521635
-0.0524666
0.0917422
-0.0819737
0.00806896
-0.00805864
-0.00807236
0.013203
-0.0102181
-0.000100396
0.000101268
9.99806e-05
-0.00148293
0.000834859
-0.00492237
0.00493041
0.00491713
-0.0102052
0.00136297
-7.79212e-05
7.80635e-05
7.78292e-05
-9.29158e-05
-3.98779e-05
4.30763e-05
-4.26217e-05
-4.32651e-05
-0.00030117
0.000229906
8.74054e-05
-8.72375e-05
-8.74453e-05
-5.6406e-05
9.32565e-05
3.04955e-05
-3.02561e-05
-3.06079e-05
3.3919e-05
-0.000123784
6.86134e-05
-6.84753e-05
-6.86559e-05
-2.19978e-05
6.00256e-05
-7.73442e-05
7.75187e-05
7.72393e-05
-6.74257e-05
-9.83535e-05
-2.25685e-05
2.2875e-05
2.23599e-05
0.00032608
-0.000438677
0.000109123
-0.000108864
-0.000109203
-1.41669e-06
7.41989e-06
0.000240675
-0.000239882
-0.000240964
-6.61408e-05
-3.25073e-05
0.00014895
-0.000148521
-0.000149113
-0.000337483
0.000490665
0.00121212
-0.00120893
-0.00121331
0.000233796
0.000662226
0.000155818
-0.000155235
-0.000156066
0.000308325
-0.000320295
0.000534248
-0.000532282
-0.000535157
0.000337577
-0.000267091
3.81409e-05
-3.80057e-05
-3.81843e-05
-1.2722e-05
-1.93239e-05
0.000105081
-0.000104841
-0.000105141
-1.61425e-05
2.00223e-05
-1.94179e-05
1.95486e-05
1.93566e-05
2.55965e-06
-8.04579e-05
0.000161553
-0.000161201
-0.000161669
-2.71669e-05
5.96991e-05
7.17333e-05
-7.15387e-05
-7.18068e-05
-5.20046e-06
-1.96996e-05
-1.63155e-05
1.65234e-05
1.62109e-05
-7.65951e-05
-0.000100855
0.000101282
-0.000101035
-0.000101379
9.59492e-06
6.20545e-05
0.000346927
-0.00034638
-0.000347069
-0.000311072
0.000421304
0.000249286
-0.000248843
-0.000249459
0.000518444
-0.000413735
0.00047483
-0.000473221
-0.000475749
0.0023356
-0.00238704
1.00661e-06
6.28609e-07
-1.6412e-06
-0.00249907
0.0027583
-0.00296653
0.00297478
0.00296305
-0.0175864
0.0164312
-0.000432272
0.000432335
0.000432162
-0.000883291
0.000369702
-0.000162582
0.000162582
0.000162565
-0.0021956
0.00242065
-0.000115338
0.000115345
0.000115307
-4.49626e-05
-0.000105535
-0.000360361
0.000360568
0.000360127
-0.000146906
-0.000437769
-0.00683465
0.00683135
0.00683432
-0.00194771
-0.0060822
-0.0570737
0.0570415
0.0570726
-0.0145411
-0.050327
-0.00305331
0.00305228
0.00305291
-0.000521549
-0.00330137
-0.000807665
0.000807832
0.000807315
0.000604599
-0.00176429
1.64583e-06
-1.21895e-06
-1.88178e-06
0.000176892
-0.000390161
-9.77361e-05
9.8136e-05
9.75207e-05
8.30848e-05
-0.000422512
1.31365e-05
-1.29446e-05
-1.32433e-05
0.000331023
-0.000396664
-8.80741e-05
8.87268e-05
8.77603e-05
0.000766106
-0.00119435
-0.000244396
0.000246202
0.000243833
-0.00278484
0.00250362
-0.0079349
0.00794118
0.00793168
-0.019705
0.0124321
-0.000513973
0.000514409
0.000513763
-0.00119058
0.000609725
-0.000114037
0.000114144
0.000113952
1.45824e-05
-0.000243081
2.84222e-05
-2.8287e-05
-2.84665e-05
-6.23367e-06
-2.82315e-05
-0.000394643
0.000394505
0.000394616
-8.55385e-05
-0.000409458
-0.0120112
0.0120044
0.0120111
-0.00337873
-0.0104579
-0.0642375
0.0642012
0.0642364
-0.0174598
-0.0564505
-0.0206217
0.0206108
0.0206211
-0.00493698
-0.0191122
-0.00509284
0.00509021
0.00509272
-0.00135101
-0.00448727
-0.000390747
0.000390727
0.000390668
-0.000152519
-0.000374645
-0.000105891
0.000106093
0.000105765
-0.000532211
0.000416448
-7.99434e-05
8.02581e-05
7.9765e-05
0.000151258
-0.000381043
0.00015519
-0.000154815
-0.00015529
-0.000294953
0.000445381
0.00121968
-0.00121724
-0.00122014
-0.00215238
0.00331102
0.00182623
-0.00181689
-0.00182846
-0.00876411
0.00934642
-0.000197007
0.000197689
0.000196722
-0.000159915
-0.000323262
-8.16541e-05
8.20601e-05
8.14509e-05
-0.000180275
-3.33186e-05
0.00174161
-0.00173482
-0.00174454
-0.0016369
0.00143077
0.00245497
-0.00243791
-0.00246347
0.00202062
-0.0052636
-0.00906918
0.00906554
0.00906842
-0.00289516
-0.00812885
-0.0453251
0.0453
0.0453244
-0.0123691
-0.0399064
-0.0113975
0.0113912
0.0113972
-0.00238775
-0.0106502
-0.00600533
0.00600229
0.00600517
-0.00116745
-0.00571724
-0.000710396
0.000710317
0.000710264
0.000294937
-0.00133161
-0.000134881
0.000135285
0.000134631
0.000109054
-0.000462631
-0.0002087
0.000208983
0.000208515
5.61257e-05
-0.000410832
-0.000599943
0.000599878
0.000599809
-0.000494957
-0.000222041
-0.000141973
0.00014241
0.000141745
-0.000140982
-0.000233088
-0.00144876
0.00144914
0.0014482
-4.5268e-05
-0.00177196
-0.000185148
0.000185484
0.000184919
3.93042e-05
-0.000328107
-9.99994e-05
0.000100407
9.9711e-05
0.000371925
-0.000659326
-0.000194732
0.00019477
0.000194658
-1.77083e-05
-0.000263683
-0.00172905
0.00172823
0.00172893
-0.000591227
-0.00120682
-0.00590861
0.00590552
0.00590839
-0.000683979
-0.00607414
-0.0243526
0.0243418
0.0243507
-0.00543968
-0.0227554
-0.0122312
0.01223
0.0122284
-0.00264246
-0.0127837
-0.00458698
0.0045852
0.00458663
-0.000777773
-0.00458222
-0.000974952
0.000975012
0.000974672
-0.000460651
-0.000844979
-0.000257889
0.00025801
0.000257778
-0.000654805
0.000306073
-0.000702821
0.000702537
0.000702773
0.000287077
-0.00123943
0.000259045
-0.000258073
-0.000259284
-0.000772852
0.000604139
0.0139239
-0.0138969
-0.0139266
-0.0336583
0.0461735
0.0194272
-0.0193483
-0.0194377
-0.102922
0.109289
0.0019612
-0.00195325
-0.00196246
-0.00871061
0.00931274
2.56121e-05
-2.46382e-05
-2.59161e-05
-0.000991866
0.000816632
-6.92626e-05
6.98979e-05
6.89575e-05
-0.000643958
0.00039021
-0.000996999
0.000997632
0.000996315
0.000656375
-0.00216698
-0.00148913
0.00148938
0.00148862
-0.00106695
-0.00100398
-0.00764913
0.0076457
0.00764859
-0.00233237
-0.00620382
-0.00372459
0.00372442
0.00372357
-0.00127694
-0.00340246
-0.00435096
0.00435175
0.00434937
-0.000750759
-0.00535645
-0.00122319
0.00122354
0.00122274
-0.000878806
-0.000759457
-0.000613616
0.000613998
0.000613276
-0.000332083
-0.000613428
-0.000231126
0.000231452
0.000230903
1.13654e-05
-0.000490419
0.000308409
-0.000303924
-0.000310575
-0.000413612
-0.000869609
0.000136643
-0.000129243
-0.000140108
-0.00149247
-0.00101025
-0.000680596
0.000687626
0.000677054
0.00203816
-0.00536253
0.000112569
-0.000111268
-0.000113102
-0.000142397
-9.47498e-05
-0.000436344
0.000436431
0.00043621
-0.000316358
-0.000152614
-0.000968582
0.000968606
0.000968257
0.000436474
-0.00173081
-0.00216459
0.00216418
0.00216419
-6.62882e-05
-0.00258866
-0.00124028
0.00124048
0.0012398
0.000237907
-0.00192083
-0.00214567
0.00214538
0.00214521
-0.000623827
-0.00216662
-0.000942396
0.000942791
0.000941921
-0.000654796
-0.000600379
-0.000968629
0.00096908
0.000968172
-0.00079469
-0.000531224
-0.00113568
0.00113557
0.00113531
0.000472713
-0.00178617
-0.000506277
0.000506288
0.000506029
0.000693268
-0.00141979
0.000284679
-0.00028375
-0.000284989
-8.58675e-05
0.000128629
5.22379e-05
-5.07552e-05
-5.26113e-05
-0.000652993
0.000248416
0.0104796
-0.0104553
-0.0104835
-0.0155431
0.0230762
-0.00488071
0.00493723
0.00486727
-0.0458636
0.0238171
-0.000882735
0.000889326
0.000880966
-0.0050387
0.00229783
-0.000271955
0.000272541
0.000271805
-0.00140392
0.00107932
8.16722e-05
-8.12775e-05
-8.18097e-05
-0.000149924
7.43462e-05
-0.000381714
0.000381844
0.00038154
-0.000231065
-0.000341653
-0.0002074
0.000207387
0.00020734
-0.000160925
-6.9276e-05
-6.97122e-05
6.97754e-05
6.96904e-05
-0.000382018
0.000378444
-5.87805e-05
5.89479e-05
5.86646e-05
0.000510542
-0.000643933
-0.000214303
0.000214884
0.000213914
0.000622187
-0.00117797
0.000180718
-0.000179609
-0.000181199
0.000153176
-0.000283748
-0.000332226
0.000332715
0.000331832
0.000935941
-0.00179576
0.000214085
-0.000213775
-0.000214205
9.72652e-05
-0.000142815
8.99894e-05
-8.90683e-05
-9.04674e-05
0.000369662
-0.000670308
0.000513924
-0.00051321
-0.000514107
0.000314341
-9.64301e-05
-0.000193678
0.000194605
0.00019327
-0.000149012
-0.000486529
0.000117335
-0.000116975
-0.000117482
0.000367465
-0.000407084
-0.0001668
0.00016694
0.000166698
-0.000357867
0.000162999
5.08091e-05
-5.04938e-05
-5.09334e-05
0.000224113
-0.000295241
0.000314447
-0.000313545
-0.000314716
-4.90396e-05
2.89624e-05
-6.43977e-05
6.48658e-05
6.40831e-05
0.000600104
-0.000952166
-0.000116451
0.000116662
0.000116308
3.34041e-06
-0.000231196
-9.45596e-05
9.48394e-05
9.43863e-05
0.000144435
-0.000300467
1.56729e-05
-1.54781e-05
-1.57444e-05
-0.00037101
0.000344789
-0.000189398
0.000189533
0.000189249
0.00013469
-0.000509474
-2.57943e-05
2.61328e-05
2.56218e-05
-6.38653e-05
-0.000153375
0.00031184
-0.000311399
-0.000311982
0.000706846
-0.000449757
0.000189928
-0.000189388
-0.000190162
0.000676003
-0.00068885
0.00148828
-0.00148419
-0.00148945
0.000897549
-0.000347078
-0.000392071
0.000401919
0.000389014
-0.00199699
-0.00266001
0.000327642
-0.000326079
-0.000328095
0.000404131
-0.000606221
-4.15837e-05
4.18014e-05
4.14614e-05
-0.00028209
0.000305816
-1.23389e-05
1.24763e-05
1.226e-05
2.00136e-05
-0.000102133
-3.80538e-05
3.82506e-05
3.79615e-05
9.74119e-05
-0.000235368
-0.000170739
0.000171016
0.000170544
0.000135242
-0.000383435
8.76177e-06
-8.15459e-06
-9.05115e-06
0.000370171
-0.000568669
-0.000174801
0.00017484
0.000174733
2.94653e-05
-0.000225167
-8.8939e-06
9.05181e-06
8.78058e-06
0.000311823
-0.000390653
0.000336181
-0.00033541
-0.000336414
-0.00011499
0.000239217
0.00083272
-0.000831672
-0.000833275
0.000752338
-0.00083514
0.00158646
-0.00158329
-0.001588
0.00222757
-0.00234948
0.0111979
-0.0111809
-0.0112045
0.00501621
0.00290929
-0.00127404
0.00128757
0.00126482
0.00395076
-0.0126537
-0.000837415
0.00083958
0.00083587
-0.00271019
0.0011693
0.000655072
-0.000653672
-0.00065573
0.00253318
-0.00288828
2.56436e-05
-2.54647e-05
-2.57353e-05
-0.000102593
4.39418e-05
0.000207234
-0.000206889
-0.000207331
-0.000155763
0.000279095
-2.26287e-05
2.30794e-05
2.24034e-05
0.000331405
-0.000612694
6.58321e-05
-6.54873e-05
-6.59627e-05
0.000218367
-0.000324134
0.000314978
-0.000313921
-0.000315352
0.000231335
-0.000325036
-0.000232508
0.000233618
0.000231947
0.000148614
-0.00068896
-0.000154423
0.000154821
0.000154165
0.000488594
-0.000905468
0.000172822
-0.000172433
-0.000172978
0.000124811
-4.32423e-05
-5.59885e-05
5.64103e-05
5.57763e-05
-0.00035488
0.000120732
0.000394611
-0.000394016
-0.000394822
0.000153935
8.86286e-05
0.000278941
-0.000278347
-0.000279139
-9.29811e-05
0.000173433
0.000295483
-0.000295116
-0.000295624
-0.000140935
0.000289831
0.000764799
-0.000763498
-0.000765163
0.000336967
3.11341e-05
0.000424469
-0.000423781
-0.000424685
0.000355045
-0.000142729
-0.000142176
0.000142338
0.000142058
-4.0308e-05
-0.000268206
0.000493215
-0.000492349
-0.000493538
0.000573896
-0.000508716
0.000370594
-0.000370107
-0.000370789
0.000460816
-0.000303734
1.21585e-05
-1.17722e-05
-1.23244e-05
-0.000200709
0.00012006
0.000265538
-0.000265093
-0.000265666
0.000211275
-4.45207e-05
9.90744e-05
-9.8786e-05
-9.91943e-05
0.000319054
-0.000371294
0.000127463
-0.000127255
-0.000127542
0.000391894
-0.000339458
7.55929e-05
-7.52804e-05
-7.57045e-05
-9.43143e-05
8.52972e-05
-5.60617e-05
5.62487e-05
5.59491e-05
-5.918e-05
-6.84066e-05
0.000193503
-0.000193215
-0.000193573
9.82808e-05
-5.88493e-05
-0.000256729
0.000256778
0.000256605
0.000139545
-0.000502882
0.00027198
-0.000271523
-0.000272139
-0.000163466
0.000442366
-2.19334e-05
2.24863e-05
2.16925e-05
-8.83692e-05
-0.000121386
0.000221206
-0.0002201
-0.000221753
0.000795382
-0.00101649
0.000118318
-0.000117933
-0.000118512
0.000152364
-0.000157373
0.000127886
-0.00012771
-0.000127914
-4.25229e-05
0.000189056
6.11153e-05
-6.08105e-05
-6.12453e-05
0.000119882
-0.00019915
0.000162093
-0.000161849
-0.000162185
4.2673e-05
5.13157e-05
2.30852e-05
-2.2818e-05
-2.32241e-05
-1.82396e-05
-0.00010817
-3.41979e-05
3.42773e-05
3.41508e-05
0.000222666
-0.000338762
7.99129e-05
-7.93787e-05
-8.01356e-05
5.14451e-05
-0.000215612
0.000484236
-0.000483161
-0.000484599
0.000292443
-0.000122528
-9.79337e-05
9.81418e-05
9.77876e-05
0.000359127
-0.000586183
1.35376e-05
-1.31339e-05
-1.37333e-05
-0.000159208
7.82146e-05
0.000207054
-0.000206438
-0.000207257
0.00019657
-0.000267842
0.000669042
-0.000667801
-0.000669528
0.000758246
-0.000341851
0.000747755
-0.00074467
-0.00074887
-0.000250633
-9.16058e-05
9.0107e-05
-8.93769e-05
-9.03714e-05
-0.000497765
0.00032073
8.13712e-05
-8.10919e-05
-8.14583e-05
-0.000293433
0.000359737
0.000372945
-0.000372323
-0.000373158
-0.000282064
0.000556102
0.000302477
-0.000302125
-0.000302602
0.000648481
-0.000570156
0.000106273
-0.000106088
-0.000106304
-0.000191053
0.000287101
0.000436353
-0.000435393
-0.000436693
0.000471358
-0.000432504
0.000389135
-0.000388459
-0.00038937
1.46243e-05
0.00021929
0.000168941
-0.000168723
-0.000169018
0.000468706
-0.000443348
-9.17524e-05
9.19069e-05
9.16635e-05
-4.17944e-05
-0.000122975
0.000146409
-0.000146086
-0.000146507
-4.62543e-05
8.44084e-05
0.000122402
-0.000121926
-0.00012261
6.48417e-06
-6.98325e-05
7.82473e-05
-7.82164e-05
-7.82176e-05
-2.36557e-05
4.38615e-05
0.000286775
-0.000286259
-0.00028694
0.00027911
-0.000123446
9.15221e-05
-9.08217e-05
-9.18345e-05
6.27952e-05
-0.000286596
0.000117209
-0.000116796
-0.000117357
9.45984e-05
-0.000119827
-0.000210214
0.000210185
0.00021016
-0.000133514
-0.000104937
0.0001132
-0.000112922
-0.000113294
5.33819e-06
3.75254e-06
-0.00010756
0.000107592
0.00010751
-1.59876e-05
-0.000129106
7.28059e-05
-7.26802e-05
-7.2844e-05
0.000158994
-0.000136527
9.96025e-05
-9.93491e-05
-9.96648e-05
-4.92049e-05
6.76743e-05
0.00010778
-0.000107625
-0.000107841
0.000266773
-0.000254412
-1.56575e-05
1.57136e-05
1.56259e-05
-0.000249179
0.00030627
0.000217089
-0.00021648
-0.000217348
0.000260406
-0.000190447
-5.27395e-05
5.30105e-05
5.25521e-05
0.000165753
-0.000381651
0.00139614
-0.00139358
-0.00139721
-0.000345366
0.000970236
0.000765808
-0.000764389
-0.000766454
0.00315587
-0.00318491
0.000557306
-0.000555971
-0.000557767
0.000573544
-0.000395297
-0.00024857
0.000250283
0.000247682
-0.000546284
-0.00031609
-0.000189179
0.000189674
0.000188906
-9.01499e-05
-0.000433151
-0.000119244
0.000119269
0.000119195
-3.43297e-05
-0.000105217
-7.92807e-05
7.93598e-05
7.92133e-05
-2.92093e-05
-9.32928e-05
6.90503e-05
-6.88299e-05
-6.91287e-05
5.38046e-05
-6.3807e-05
5.7723e-05
-5.75929e-05
-5.77538e-05
-3.10879e-05
4.39081e-05
0.000553357
-0.000552441
-0.000553718
0.000185891
7.87838e-05
0.000429112
-0.000428224
-0.000429503
0.000797999
-0.000804242
4.09929e-05
-4.09547e-05
-4.10102e-05
3.96071e-05
-3.28209e-05
0.000274134
-0.000273617
-0.000274332
0.000587524
-0.000395738
-4.12343e-05
4.14651e-05
4.10833e-05
0.00015667
-0.000323917
8.76167e-05
-8.74146e-05
-8.76698e-05
8.19009e-06
-5.7692e-06
2.55488e-05
-2.53778e-05
-2.56157e-05
0.000104061
-0.000153875
0.000111197
-0.000110931
-0.000111293
-0.000130254
0.000196704
0.00015353
-0.000153148
-0.000153638
0.00010865
-5.58098e-05
-5.67128e-05
5.6963e-05
5.65112e-05
0.000774855
-0.000932403
-0.000265271
0.000265306
0.00026519
-0.000183054
-0.000111892
0.230969
0.168457
0.173305
0.174155
-0.746886
-0.231094
-0.168192
-0.173021
-0.173877
0.746184
-0.231082
-0.168168
-0.173037
-0.173892
0.746179
1.11372
-0.299767
-0.29748
-0.296513
-0.219962
-0.88114
0.473231
0.468743
0.466948
-0.527781
0.0649236
-0.093895
-0.0534655
0.0838636
-0.0997209
0.231484
-0.190348
-0.190795
-0.190117
0.339775
