CLASSIFICATION
3
270
5
5
sigmoid
softmax
-0.000449279
2.99876e-07
2.56838e-05
4.2195e-06
-2.78525e-07
-0.000346323
1.7314e-05
1.79922e-05
5.96376e-05
-1.72506e-05
-0.100248
-0.00152563
-0.00242246
0.00495455
0.00152954
0.000196049
1.52342e-06
1.52737e-06
1.71899e-05
-1.51884e-06
-0.00127638
4.88942e-06
-1.05427e-05
7.99173e-05
-4.54255e-06
-0.00792929
0.00217332
0.00133625
0.00140185
-0.00217591
-0.00114854
-7.2618e-06
2.65431e-05
-1.47289e-05
7.22457e-06
-0.00879019
0.000612259
0.000381487
0.000490826
-0.00061257
-0.00121789
-8.31509e-07
-4.77444e-06
4.40327e-05
8.30878e-07
-0.000343477
2.10489e-06
2.4342e-06
2.16535e-05
-2.11093e-06
-0.000800662
5.61098e-06
3.56431e-06
3.48655e-05
-5.56639e-06
-0.0174337
0.000787243
0.00134203
5.15661e-05
-0.000785693
-0.0565425
0.000539418
0.00203491
0.00112348
-0.000524926
-0.0524399
0.0013847
0.00232161
0.000648693
-0.00138559
-0.0048296
0.000311379
0.000419184
0.00028216
-0.00031175
-0.0231322
0.0116537
0.0177805
0.00493732
-0.0116629
-0.37083
-0.00599862
-0.00880903
0.0119719
0.0061327
-0.00576052
3.78986e-05
0.000250735
-3.63336e-05
-3.77765e-05
-0.00563534
0.000167232
0.000195193
0.00019213
-0.000165319
-0.000805386
1.21649e-05
5.72068e-05
1.01229e-05
-1.20886e-05
-0.00179599
1.7809e-05
1.80169e-05
7.57342e-05
-1.77614e-05
-0.0015854
4.30513e-06
9.60505e-05
-3.75932e-05
-4.30317e-06
-0.000741781
4.22704e-06
4.60281e-05
8.02684e-06
-4.31233e-06
-0.00151414
3.43172e-06
2.61644e-05
4.23352e-05
-3.48341e-06
-0.00131841
-2.79354e-07
-5.95788e-07
5.19607e-05
2.17898e-07
-0.00206465
-8.00074e-06
4.20577e-05
2.80533e-05
8.01454e-06
-0.00157894
7.81707e-07
0.000169126
-0.00012917
-7.97319e-07
-0.00303136
0.00032114
0.000598165
-0.000165864
-0.00032193
-0.0342519
0.00484607
0.00296911
0.00452307
-0.00484365
-0.247943
0.0863535
0.0747561
0.0535606
-0.0863181
-0.00551403
0.012468
0.00928123
0.0084613
-0.0124698
-0.00959581
-0.001409
-0.000778949
8.23617e-05
0.00141745
-0.0958516
-0.0096005
-0.000557318
-0.00455125
0.00967574
-2.31984e-05
-8.60036e-05
5.40994e-05
-7.01086e-05
8.63422e-05
-0.00479624
-0.000256571
-0.00019084
7.92815e-05
0.000256743
-0.000862686
-5.28707e-05
-9.65798e-05
0.00010516
5.33751e-05
-0.00196445
3.62824e-05
0.000131505
3.82719e-05
-3.59802e-05
-0.000769203
-1.71447e-05
-5.97134e-05
7.23988e-05
1.72639e-05
-0.0006788
-5.84704e-05
0.000118196
-8.40975e-05
5.86692e-05
-0.00188192
0.000317904
0.000439965
-3.83295e-05
-0.000318581
-0.00338821
8.80195e-08
-7.7489e-06
0.00014247
-3.2475e-08
-3.96604e-05
-4.78624e-05
5.39645e-05
0.000267915
4.77806e-05
-0.00412132
-0.000302921
-0.000483678
0.000191108
0.000304109
-0.019323
0.000233591
-0.000790477
0.00135565
-0.000229849
-0.00272218
0.000282205
0.000297794
0.000184679
-0.000282644
-0.0189062
0.000319282
0.000205864
0.000654133
-0.000314747
-0.00154459
-1.367e-05
2.07411e-05
5.64643e-05
1.3648e-05
-0.00416413
-1.74436e-05
-2.24315e-05
0.000145469
1.75791e-05
-0.000296801
3.87817e-06
8.83423e-05
-1.14568e-05
-3.95046e-06
-0.00195534
-2.01472e-05
-5.96721e-05
0.00018916
2.0594e-05
-0.00278202
-6.21791e-06
1.93445e-05
9.78628e-05
6.54841e-06
0.000373064
-7.42737e-05
0.000115808
-1.33687e-05
7.436e-05
-0.00154204
1.70007e-05
-6.26264e-05
0.000119741
-1.71531e-05
-0.00803506
-0.000289299
-0.00042722
0.000433662
0.000290599
-0.00210116
0.000475513
0.000370559
0.000270167
-0.000476292
-0.0132762
0.00218081
0.00226053
0.000446425
-0.00218261
-0.02666
-0.00226779
-0.00263938
0.000149328
0.00227197
-0.159928
-0.0162805
-0.0156977
-0.00228405
0.0163261
-0.011279
-0.000815343
-0.000285713
-0.000356119
0.000816234
-0.0218302
-0.00204864
-0.00237452
-1.76167e-06
0.0020563
-0.00210992
-4.42251e-05
0.000119767
-0.000108745
4.39814e-05
-0.00496536
-0.00013001
0.000494553
-0.000371348
0.000130449
-0.00221909
-0.00211288
0.0066063
-0.00752639
0.0021138
-0.0308978
-0.0158444
0.0546662
-0.0624614
0.0158493
-0.00384198
-0.000619605
0.00353651
-0.00335211
0.00061951
-0.00291718
0.00053174
0.00180805
-0.000883302
-0.00053353
-0.00291019
0.00017198
0.000398936
1.07541e-05
-0.000171436
-0.00122478
8.11008e-05
0.000448925
-8.57363e-05
-8.18136e-05
-0.00724125
0.000298511
0.000376665
6.16552e-05
-0.000299851
-0.00105778
0.000695658
0.00117924
-9.46487e-05
-0.000698244
-0.024624
-0.00257338
-0.00236366
-9.63218e-05
0.00257756
-0.109365
-0.0183075
-0.0110553
-0.00798263
0.0183468
-0.00252317
-0.00111197
-0.000520013
-0.000536449
0.00111483
-0.00392731
1.44322e-05
0.000260778
-9.80784e-05
-1.44275e-05
-0.00115686
-7.19174e-06
2.95649e-05
4.5542e-05
7.21393e-06
-0.000989014
-9.59485e-05
0.0004428
-0.000414843
9.56562e-05
-0.00724023
-0.00368547
0.0113594
-0.0131098
0.00368566
-0.0294332
-0.0190339
0.0612955
-0.0702933
0.0190451
-0.0114634
-0.00552899
0.0206239
-0.0225611
0.0055301
-0.00627042
-0.00146774
0.00487999
-0.00555118
0.0014675
-0.00337992
-0.000155986
0.000413944
-0.000414314
0.000156162
-0.00139738
-0.000479956
-0.000378339
-0.00010328
0.000482071
-0.00402603
0.000141142
0.000390868
-7.56564e-05
-0.000141354
-0.00052501
-0.000274056
-0.000452299
0.000202617
0.000274984
-0.00924148
-0.00194766
-0.00328271
0.00145176
0.00194898
0.0464754
-0.00803781
-0.00895766
0.00193343
0.00804228
-0.00224367
-0.000164324
0.000353758
-0.000194453
0.000164174
-0.00114892
-0.000155001
6.99804e-05
-7.76921e-05
0.000154831
-0.0280684
-0.00132607
-0.00127814
0.00181728
0.00134493
-0.0893299
0.00213818
0.00533815
0.00255611
-0.00209724
-0.00770533
-0.00308877
0.00886857
-0.00990848
0.00309109
-0.0186676
-0.0135488
0.0432906
-0.0495764
0.013552
-0.00778599
-0.00270697
0.0114845
-0.0124529
0.00270629
-0.000428367
-0.00134005
0.0061581
-0.00657238
0.00133857
-0.00273549
0.000220204
0.00136157
-0.000756608
-0.000221925
-0.00543406
9.40448e-05
0.000478756
-0.000114888
-9.48584e-05
-0.00374385
5.64891e-05
0.000439662
-0.000222513
-5.69277e-05
6.1666e-05
-0.000474869
0.000285016
-0.000640424
0.000476843
-0.00530683
-0.000129501
0.000266688
-0.000135
0.000130382
-0.000761378
-7.13538e-05
0.00189564
-0.00159126
7.07404e-05
-0.00288449
4.20786e-05
0.000350762
-0.000198018
-4.17617e-05
-0.00161305
0.000349701
0.000663459
-0.000109167
-0.00034994
-0.00326573
-2.07047e-05
0.000283989
-0.000197038
2.06139e-05
-0.00430087
-0.000598981
0.00134376
-0.001872
0.000600483
-0.0100519
-0.000889279
0.00647855
-0.0064354
0.000887502
-0.0194885
-0.00598683
0.0246246
-0.0266826
0.00599198
-0.00709099
-0.00293547
0.0137411
-0.0135887
0.0029469
-0.00338275
-0.000927247
0.00490175
-0.00500666
0.000926254
-0.00271702
-0.000444738
0.000961657
-0.00106818
0.000445398
-0.000117391
-0.000605775
-0.000251243
-0.000266558
0.000607773
0.00385412
0.000237225
0.00128248
-0.000736456
-0.000239709
-0.0073158
-0.000707009
-0.000539999
0.000324205
0.000706539
-0.156879
-0.0311201
-0.0457358
0.0169645
0.0311305
0.207609
-0.0959154
-0.105753
0.0224201
0.0959234
0.00474878
-0.00813047
-0.00904432
0.00226464
0.0081311
-0.00389814
-0.000917968
-0.000761392
9.05269e-05
0.000918137
-0.00807044
-0.000613483
-0.000363778
-4.68608e-05
0.000616618
-0.00783295
0.000582264
0.002233
-0.00110804
-0.000584643
-0.0205413
-0.00110395
0.00109577
-0.00154338
0.00111066
-0.0165856
-0.002433
0.00681724
-0.00834999
0.00243571
-0.016095
-0.00130056
0.0037321
-0.00404384
0.00130603
-0.00836867
-0.000829897
0.0057603
-0.00481561
0.000834044
-0.00521325
-0.000848178
0.00089839
-0.00133673
0.000851307
-0.00126105
-0.000320565
0.000700643
-0.00065479
0.000319624
-0.00308912
1.1813e-05
0.000528375
-0.000236883
-1.21776e-05
-0.0192934
-0.000319781
0.000989061
0.000369999
0.000325588
-0.0166364
-0.00132076
0.00123244
0.000163598
0.00133134
0.0166701
0.00190974
0.00549991
-0.000913811
-0.00191701
-0.00357798
-0.000134425
9.87899e-05
0.000128027
0.000136133
-0.00291602
-0.000309825
0.000182462
-0.000478867
0.000311663
-0.00353598
0.000369903
0.00179001
-0.00105989
-0.000371536
-0.00231052
-0.000131216
0.00276391
-0.00237742
0.000128729
-0.00710242
0.000188775
0.00202247
-0.00135285
-0.000189794
-0.00653947
-0.000654655
0.00236389
-0.00234799
0.00065598
-0.00349915
-0.000618074
0.000719211
-0.00102861
0.00062026
-0.00102718
-0.000749128
0.000665118
-0.0010719
0.000750319
-0.00529138
0.00040014
0.00183453
-0.0012529
-0.000400698
-0.00558764
0.000618712
0.00141338
-0.000536828
-0.00061895
-0.00841283
-8.16982e-05
-0.000138445
0.000305263
8.20176e-05
0.0209643
-0.00062292
-0.000198297
-7.39827e-05
0.000619688
-0.0895207
-0.0147505
-0.0234416
0.012103
0.0147124
0.259597
-0.0442627
-0.0216095
-0.00720023
0.0441623
0.0237646
-0.00485089
-0.00200825
-0.0011817
0.0048381
0.000297317
-0.00131386
-0.000992401
-0.000311466
0.00131399
-0.00184014
-0.000136233
-5.91129e-05
9.08822e-05
0.000136368
-0.000405009
-0.000230706
0.000385428
-0.000409005
0.000231526
-0.00178009
-0.000146652
9.91176e-05
-0.000213892
0.000146737
-0.00323553
-0.000363206
-0.000371919
-5.47751e-05
0.000364191
-0.000277788
0.00046528
0.000623292
-6.15279e-05
-0.000466742
-0.0052696
0.000570615
0.00118015
-0.000208368
-0.00057134
-0.00500952
0.000134735
0.000270608
0.000208888
-0.000134612
-0.00649274
0.00084615
0.00179339
-0.000381398
-0.000846334
-0.000500036
9.70036e-05
0.000141093
0.000222053
-9.57278e-05
0.00102255
0.000379728
0.000697773
3.83221e-05
-0.000379068
-0.000194462
0.000301856
6.5096e-05
0.000552667
-0.000302141
-0.00103383
-0.000127345
0.000556753
-0.000229115
0.000125878
-0.0029403
0.000332938
0.00038474
0.000148352
-0.000334234
0.000840707
-0.000321462
-0.00012117
-0.000190859
0.000321764
-0.00435872
0.000203631
0.000285284
8.22184e-05
-0.000204304
-0.00746966
-3.89343e-05
-2.30131e-05
0.000373493
3.8079e-05
-0.00176422
0.00055578
0.000945204
-8.22464e-05
-0.000556336
0.00102806
7.06796e-06
0.000252553
-0.000139427
-7.05831e-06
0.000127821
0.000132475
0.000297744
-0.000120896
-0.000131725
-0.00575864
-0.00035282
-0.000341881
5.10541e-05
0.000354941
-0.00335415
0.000124684
0.000532087
-0.000193163
-0.000124573
-0.0043726
-5.87812e-05
0.000172236
-4.62495e-06
5.93733e-05
0.000594659
0.000659909
0.000395041
0.000313791
-0.00066214
-0.00552825
0.000617396
0.000643423
0.00022243
-0.000618759
-0.00778014
0.000770273
0.000172437
0.00159084
-0.000779322
0.0971655
-0.00212717
0.0028704
-0.00120807
0.00210815
0.00583166
0.000346162
0.000573693
0.000293908
-0.000350722
-0.000887377
-0.00024876
-0.000287031
-3.81634e-05
0.0002492
-0.00254774
1.80817e-05
0.000103994
8.76807e-07
-1.74552e-05
-0.0006215
8.62136e-05
0.000239999
-3.49069e-05
-8.67932e-05
-0.00174685
0.000117069
0.000387115
-0.000179369
-0.00011681
0.000218571
0.000336615
0.000559192
9.4812e-07
-0.00033787
-0.00120079
1.59423e-05
0.000228168
-0.000177463
-1.5947e-05
-0.00427448
0.000280311
0.000371346
1.64934e-05
-0.000281241
-0.00486439
-8.52442e-05
-0.000230174
0.000372927
8.59412e-05
-0.0282279
0.000758108
0.000807686
0.000914685
-0.000749013
-0.0250497
0.00218478
0.00227958
0.00161599
-0.0021735
-0.313197
0.00465916
-0.00412423
0.0137237
-0.00467692
-0.331423
0.00355063
0.0128285
-1.77573e-05
-0.00359231
-0.0434578
-0.00252859
-0.00100999
-0.000708721
0.00253663
-0.0191252
0.00228466
0.00270946
0.000790971
-0.00229046
0.000451644
-8.287e-05
-2.88042e-05
4.18811e-05
8.28866e-05
-0.00458858
-0.000143645
-0.000287678
0.000247665
0.000144998
-0.00373151
0.000304175
0.000612629
-2.9253e-05
-0.000304629
-0.00435601
0.00019216
0.00031253
0.000107439
-0.000192989
-0.00839111
0.000215113
0.000315489
0.0003851
-0.00021581
-0.0119737
0.000126738
0.000700266
-0.000224169
-0.000125916
-0.00335686
0.000453
0.000913222
-0.000161839
-0.000454064
-0.00508758
0.000110858
2.24544e-05
0.000237221
-0.000111197
-0.00377974
-0.000308902
-6.68072e-05
8.81307e-07
0.000308886
-0.00453754
0.000155201
-0.000110059
0.000449152
-0.000155472
-0.00543112
-7.17216e-05
-0.000166707
0.000314367
7.29451e-05
-0.00352168
-0.000105851
-0.000279392
0.00034858
0.000107067
0.00327487
0.000317674
-8.57832e-05
0.000809061
-0.00031891
-0.000462493
0.000327219
9.9795e-05
0.000475241
-0.00032808
-0.00125188
-3.53702e-05
0.000295253
-0.00014514
3.56357e-05
-0.00269568
0.000543098
0.000474194
0.000559368
-0.000543029
-0.00590821
0.000434981
0.000268331
0.000433961
-0.000435045
0.00232065
-0.00017832
-9.99357e-05
1.68955e-06
0.000178998
-0.0021905
0.000197801
2.01669e-05
0.000308915
-0.0001987
-0.00175239
0.00028915
0.000350543
0.000104874
-0.000289298
-0.00358263
0.00036187
0.000312128
0.000165525
-0.000362587
-0.00167585
-8.13083e-05
-7.47637e-05
0.000100431
8.11993e-05
-0.00350671
-4.89825e-05
8.46023e-05
-4.67772e-05
4.93245e-05
0.000921694
8.79728e-05
4.80752e-05
0.000209662
-8.86162e-05
-0.00147509
0.00013174
0.000528423
-0.000270381
-0.00013226
-0.00659888
-0.000134458
-0.000451569
0.000345668
0.000135329
-0.00353624
-6.50038e-05
0.00015703
-3.60121e-05
6.37998e-05
-0.0028527
0.000756232
0.000999954
0.000172209
-0.000756092
-0.00371297
0.00014865
0.000150662
0.000154901
-0.000148712
-0.00135179
-4.72e-05
-0.000211187
0.000156783
4.80179e-05
-0.00140624
0.000111735
0.000197125
7.16033e-05
-0.000111507
-0.00430806
5.18878e-05
-5.78148e-05
0.000195985
-5.11911e-05
-0.00801071
-1.05785e-05
0.000120664
6.73895e-05
1.11965e-05
-0.00167454
0.000201411
0.000333615
-7.90014e-06
-0.000202184
-0.0028578
5.05715e-05
0.000227089
9.54481e-05
-5.07783e-05
-0.00755279
0.000276947
8.37867e-05
0.000533466
-0.000276369
-0.00262807
0.000325309
0.000579981
-8.57112e-05
-0.000326352
-0.0053348
-0.00013022
-5.12953e-05
2.31283e-05
0.000130758
-0.000227384
0.00017923
0.00025941
0.000208404
-0.000179414
-0.0113647
0.000716121
0.000261788
0.000761971
-0.00071706
-0.000376518
-0.00021197
0.000130838
0.000733875
0.000209041
0.00426013
-0.000451783
-0.000283159
8.20401e-05
0.00045355
-0.00373476
-0.000268256
-0.000354135
0.000109968
0.00026963
-0.00483457
-0.000228204
-0.000543108
0.000424914
0.00022916
-0.0112836
0.000601185
0.00052242
0.000375369
-0.000601515
-0.0016699
-0.000178372
-0.000292051
0.000134657
0.000179607
-0.00428633
0.000442363
0.000400839
0.000457893
-0.000441964
-0.00647612
3.85539e-05
-0.000226968
0.000454237
-3.76147e-05
-0.000397917
0.000429252
0.000410276
0.000194767
-0.000430055
-0.00378785
-3.95454e-05
0.000135502
-7.49921e-05
3.99069e-05
-0.000111356
-3.82644e-05
-8.19002e-05
0.000169883
3.82439e-05
0.00126025
2.02719e-05
8.34092e-05
0.000126966
-1.96417e-05
0.001265
-2.64985e-05
-4.92689e-05
0.000108082
2.63212e-05
-0.00120583
0.000259421
9.23698e-05
0.000304531
-0.000259569
7.70481e-05
6.17972e-05
0.000294464
8.66096e-05
-6.11834e-05
0.0007988
9.01344e-05
0.000118205
0.000119695
-9.05595e-05
-0.00491339
-0.000131112
0.000121978
-0.000199214
0.000131946
2.01362e-05
7.00963e-06
-4.55694e-06
0.000128633
-6.96732e-06
0.0010445
-1.44842e-05
0.000142706
-0.00012486
1.44723e-05
-0.00350047
0.000144041
0.000122926
0.000102126
-0.000144342
-0.00144702
-4.80112e-05
-6.98024e-05
0.000121204
4.82286e-05
-0.00554075
0.000244534
0.000234496
0.000145286
-0.000244792
-0.00293069
-0.000222378
-0.000294986
3.54238e-06
0.000223106
-0.00333366
0.000254924
0.000177973
0.000228458
-0.000255236
-0.00578579
0.000149769
0.000379047
-3.52977e-05
-0.000149155
-0.0113055
-0.000168109
-0.000911533
0.00147834
0.0001749
-0.00659096
0.00289776
0.00298797
0.000770855
-0.00290185
-0.00176208
0.000531252
0.000339618
0.000624879
-0.000532157
-0.00625118
-0.000491511
0.000398811
-0.0002954
0.000494447
-0.00136961
-7.82586e-05
0.000486984
-0.00021178
7.78399e-05
0.00070123
-3.21942e-05
0.000116847
-0.000130662
3.24847e-05
-0.000828686
-2.33121e-05
0.00010769
-8.2939e-05
2.34312e-05
1.41833e-05
5.0199e-05
6.13617e-05
7.98016e-05
-5.02708e-05
-0.000411436
-2.86486e-05
-4.4215e-05
7.28227e-05
2.87619e-05
0.000492981
0.000221531
-8.40495e-05
0.000563009
-0.000219665
-0.00861491
0.000748719
0.000758152
0.000477098
-0.000747546
0.000186164
4.02475e-05
3.12656e-05
4.77434e-05
-4.00814e-05
-0.00428398
0.000544182
0.000347295
0.000298371
-0.000545322
-0.00232433
0.000150083
0.000331435
-3.4598e-05
-0.00014992
-0.00180323
7.05699e-06
3.81766e-06
0.000108388
-6.97824e-06
0.00217881
9.48648e-05
0.000151733
2.39449e-05
-9.52715e-05
-0.00130184
-0.000107868
-0.000187643
0.000113947
0.000108479
-0.00470555
8.76859e-05
2.92652e-05
0.000183223
-8.73489e-05
-0.00181969
0.000706158
0.000893932
-6.65201e-05
-0.000707642
-0.000317103
-0.000169662
0.00014863
-0.000285642
0.000169291
-0.208132
0.946083
-0.292495
-0.197212
-0.248244
0.915912
-0.178872
-0.229742
-0.223372
-0.283927
0.636966
-0.392026
-0.517856
-0.505298
0.778214
0.277164
0.213557
0.287248
0.285035
-1.063
-0.916075
0.18071
0.228402
0.225873
0.28109
-0.0489549
0.0954175
0.098596
0.201502
-0.0969919
-0.0209694
-0.321317
0.0155269
-0.00707584
0.333836
